105.272 105.3896 104.9325 104.9255 105.0499 105.2214 
100.2112 102.7499 102.9676 103.4996 104.0216 104.2693 
98.8528 102.3059 103.4647 103.913 104.2955 104.4857 
100.1714 103.1748 103.6354 103.8943 104.1861 104.3177 
103.0764 103.7892 103.8646 103.8208 104.3832 104.6776 
101.9435 101.4394 102.8009 103.271 103.7481 103.9921 
99.4696 101.8408 102.7796 103.2387 103.5947 103.865 
99.8106 103.138 103.4745 103.7607 104.1016 104.216 
103.7087 104.395 104.8003 104.7968 104.9341 105.051 
103.8279 103.8741 104.5036 104.5909 104.8363 104.932 
105.2124 103.1729 103.7783 104.0949 104.3987 104.5497 
102.8043 102.2628 102.8101 103.2251 103.9108 104.1609 
98.3863 102.421 103.729 103.7599 104.2183 104.4513 
101.9832 101.7044 103.1087 103.2627 103.6292 103.798 
99.3429 101.6829 102.1028 102.6304 103.154 103.4696 
102.3043 103.3955 103.4858 103.9396 104.2025 104.3746 
102.818 102.767 103.6572 103.8116 104.151 104.3023 
102.818 102.9689 103.0614 103.3617 104.0309 104.3778 
100.8006 100.5384 102.4612 103.0993 103.5964 103.974 
101.2944 101.8686 103.0839 103.5097 103.8568 104.026 
105.2658 102.4736 103.0623 103.654 104.1458 104.3838 
100.2708 103.3627 103.4919 103.8285 104.0647 104.2889 
103.7683 103.195 102.72 103.4002 104.068 104.3676 
103.2944 102.7841 103.3577 103.8241 104.2016 104.4213 
100.1578 102.1654 103.3795 103.7379 104.0523 104.2789 
102.6056 103.8143 103.8047 104.0243 104.3157 104.557 
98.6938 102.3713 102.6749 102.9891 103.454 103.8363 
102.9373 103.1349 103.8072 104.3275 104.5505 104.7702 
100.1913 102.5602 103.2347 103.437 103.9688 104.4901 
99.8106 102.6253 103.3942 103.761 104.0813 104.3274 
100.7808 103.7056 104.4264 104.3372 104.5068 104.6371 
98.7137 101.7209 102.4736 102.8482 103.2691 103.6202 
100.4398 101.2717 101.9716 102.5226 103.4832 103.9039 
98.3863 101.0398 102.3417 102.7692 103.4458 103.7882 
100.5255 102.163 103.074 103.0962 103.5988 103.9624 
98.2932 101.9988 103.0439 103.1771 103.3351 103.5868 
102.4099 102.6301 103.568 103.8285 104.1264 104.2793 
103.3279 103.5513 103.9015 104.2221 104.4158 104.4793 
100.4286 102.68 103.5369 103.9796 104.4614 104.6454 
99.4025 102.2651 103.3545 103.6853 104.1107 104.3483 
103.023 103.1253 103.7199 104.019 104.4361 104.6471 
102.8043 102.3117 103.8318 103.9133 104.2615 104.4749 
102.5522 102.918 103.318 103.9693 104.2541 104.5537 
101.1615 102.1164 102.4201 102.7999 103.5198 103.844 
101.5789 102.263 102.1916 102.9046 103.6157 103.9328 
102.5857 102.7875 103.3787 103.9598 104.1837 104.4726 
98.654 100.7524 101.8725 102.4928 103.2242 103.5358 
103.5559 103.4576 103.8676 104.1639 104.4165 104.5648 
103.6354 102.6693 102.6951 103.3264 103.6552 104.0121 
105.4112 103.6948 104.3054 104.5047 104.6825 104.7872 
102.2447 102.9002 103.1182 103.3499 103.5867 103.8257 
100.9261 103.039 103.4028 103.9055 104.2799 104.6646 
100.8006 102.786 103.4136 103.7543 104.1246 104.3314 
99.8168 102.6646 103.6261 103.7411 104.1712 104.2892 
105.1329 103.2027 104.05 104.11 104.3989 104.6707 
102.523 103.0549 104.1308 104.3257 104.6952 104.8805 
101.3205 102.8922 103.4297 103.4455 104.0141 104.3747 
100.2373 102.7295 103.4181 103.8924 104.0227 104.2793 
100.9596 102.5674 103.6896 103.8619 104.3317 104.3966 
101.2012 103.9953 104.5078 104.6791 104.8161 104.955 
100.8466 102.6705 102.9698 103.4301 104.0307 104.4056 
102.2447 102.6246 103.3906 103.5758 103.9967 104.1964 
102.2646 103.4768 103.7204 103.8792 104.1971 104.5441 
100.2708 101.6342 101.956 102.7388 103.2477 103.6542 
102.7447 103.4444 103.9995 103.915 104.3285 104.5981 
103.3279 101.4187 102.9409 103.3249 103.7469 104.0728 
101.5789 103.397 104.4103 104.3837 104.6891 104.872 
100.3901 101.6038 102.692 103.118 103.8224 104.0522 
105.3987 104.0424 104.6032 104.7766 104.9516 105.0572 
105.5441 102.4887 102.9971 103.6358 104.2285 104.5379 
100.1578 101.1824 102.6824 103.2068 103.6884 103.9343 
100.4199 101.4347 102.4236 102.8863 103.3337 103.5551 
102.7708 103.6792 103.5027 103.9131 104.2805 104.468 
104.0727 103.3423 103.7032 104.2558 104.393 104.6531 
103.4671 102.9185 103.6318 103.6142 103.8551 104.0802 
105.4049 103.1177 103.4444 103.7959 104.219 104.5029 
101.2944 102.5847 103.2665 103.7289 104.1226 104.3313 
101.1416 100.9766 102.1174 102.9709 103.4561 103.8212 
105.4373 103.3193 103.448 104.0795 104.2742 104.485 
103.7683 103.2185 103.1319 103.4978 104.1833 104.4667 
101.241 103.3239 103.4194 103.9168 104.2585 104.6181 
103.8478 103.0648 102.9041 103.4873 103.7911 104.1557 
100.1913 102.977 103.3463 103.5715 103.9744 104.2244 
99.936 103.1387 103.7866 104.1161 104.4542 104.5578 
98.8267 103.2795 103.7155 103.9718 104.1943 104.3073 
100.8006 103.0681 103.6886 103.8936 104.0858 104.1677 
103.0764 103.9308 104.2529 104.6659 104.7743 104.88 
102.7186 103.6492 103.8665 104.1555 104.5429 104.6034 
101.2609 100.0944 102.1148 102.7863 103.4839 103.9006 
98.654 101.2652 102.007 102.7106 103.3997 103.7486 
105.2658 104.8094 103.8326 104.588 104.6447 104.8969 
99.777 101.3787 102.4128 102.9675 103.5995 103.9453 
102.3043 102.7975 103.3823 103.4879 104.031 104.3634 
100.4199 101.5588 102.5838 102.654 103.4396 103.8171 
100.2174 101.2048 102.7147 103.1912 103.7161 104.017 
98.6739 101.8786 102.2109 102.9318 103.3561 103.7205 
102.9373 103.8454 104.4578 104.4378 104.5998 104.7708 
100.3503 102.8075 103.6732 104.0151 104.3988 104.5986 
101.5193 102.9529 103.2483 103.5569 103.9378 104.3289 
102.8975 101.2079 103.026 103.4505 103.8422 104.241 
103.6888 103.1188 103.1252 103.6414 104.05 104.3054 
102.7385 102.483 103.0029 103.508 103.8476 104.1142 
101.3006 103.1479 103.2995 103.8412 104.1943 104.4273 
102.7385 102.9583 103.6248 103.9639 104.3687 104.6245 
102.2447 101.6783 102.4146 103.1463 103.7456 103.9997 
101.1814 103.0897 102.6679 103.6568 103.741 104.2572 
100.7808 101.6638 102.8638 103.1621 103.4597 103.6715 
99.4696 102.4413 103.2719 103.4213 103.7603 103.9681 
103.6354 100.603 101.8519 102.8721 103.4496 103.8569 
98.7137 102.5508 103.6877 103.9582 104.285 104.4075 
102.8515 102.8783 103.2234 103.896 104.156 104.3938 
101.2745 103.1628 103.1224 103.7103 103.9199 104.1621 
99.2435 102.032 102.7959 103.4199 103.5108 103.8923 
99.777 102.1217 102.4957 103.1287 103.4675 103.857 
105.2124 102.6606 103.2407 103.8846 104.1153 104.4173 
102.9832 102.1433 103.3833 103.7814 104.4104 104.6749 
97.6839 102.9854 103.7412 104.0046 104.1481 104.3536 
100.9137 102.8811 103.6503 103.7322 103.9897 104.164 
103.5466 102.856 103.6 103.9142 104.3338 104.4719 
105.5702 102.9813 103.8752 104.0818 104.4958 104.7759 
100.5789 102.335 103.1699 103.5599 103.9387 104.1071 
102.0689 103.002 103.0998 103.5142 103.9972 104.1822 
96.2199 102.8776 103.5598 103.7498 104.0125 104.0732 
98.3329 101.3014 102.5594 103.0021 103.4115 103.7011 
99.7969 101.7323 102.2622 102.7871 103.2167 103.5469 
102.7385 103.1811 103.2452 103.5391 104.04 104.3839 
102.8441 102.6922 102.9886 103.3737 103.9423 104.1606 
101.0528 103.2513 103.9991 104.106 104.3901 104.5934 
100.3168 102.7922 103.4097 103.9292 104.1113 104.2731 
102.572 103.0619 103.4943 103.8826 104.1074 104.3934 
105.2124 103.2849 103.9835 104.4459 104.5102 104.7834 
102.3043 101.2442 101.7037 102.7013 103.2082 103.7004 
99.9099 102.4236 103.2099 103.796 104.0945 104.3793 
103.8478 103.8511 103.6883 103.9665 104.4018 104.6535 
101.2745 101.9666 103.1237 103.757 104.0534 104.2805 
105.4049 103.013 103.8601 103.9971 104.1752 104.4618 
103.0764 103.7084 104.4195 104.5128 104.8125 104.9604 
102.9373 102.7603 103.5334 103.8626 104.0757 104.2428 
105.1329 103.5278 104.2472 104.3706 104.649 104.7873 
102.8242 104.2501 104.7282 104.8118 104.9505 105.0009 
99.5553 102.5364 102.8241 103.0317 103.3294 103.6603 
105.1329 103.6492 103.86 104.1584 104.391 104.5625 
100.4857 101.9967 101.5199 102.248 102.8356 103.187 
101.2944 103.2874 103.7453 104.1158 104.2586 104.5108 
100.6876 103.6939 103.8932 104.0839 104.3431 104.4472 
100.1379 101.1086 102.1035 102.8363 103.4154 103.9978 
102.5857 101.7795 102.6777 103.0944 103.6125 103.9731 
96.2199 101.4643 102.5004 103.074 103.2557 103.6056 
105.2658 104.2451 104.6995 104.8334 104.9547 104.9877 
102.6652 101.7758 102.982 103.4916 103.9269 104.2119 
102.8304 102.9285 102.8041 103.496 104.0087 104.3604 
101.1478 102.7951 103.1317 103.7118 103.9788 104.2285 
98.3863 101.3783 102.6539 103.0685 103.6297 103.8766 
101.3466 101.2006 101.846 102.4221 102.8674 103.4168 
103.9807 104.8349 105.0318 105.08 105.0033 105.0718 
103.7683 103.4055 103.9625 104.1924 104.5072 104.7016 
102.8304 103.3341 103.7179 104.0806 104.312 104.5354 
101.3006 103.4661 104.1381 104.5874 104.7834 104.9237 
103.7683 101.7934 102.6198 103.3373 103.6966 104.0026 
98.3665 100.9429 102.1178 102.5535 103.0621 103.3906 
100.3304 103.9016 104.2842 104.6777 104.7648 104.8807 
103.4273 102.1485 102.7931 103.5036 103.9103 104.2857 
100.4199 102.1474 102.928 103.2817 103.6371 103.7894 
102.6851 103.754 103.9255 104.3002 104.46 104.7289 
100.3043 100.8922 101.7001 102.5651 103.0185 103.4344 
100.3304 102.6754 103.3073 103.6994 103.8448 104.2368 
102.9633 103.6138 104.3498 104.4225 104.6677 104.8135 
105.0795 104.4558 104.0761 104.3325 104.7901 104.8785 
105.3453 102.4248 103.3417 103.848 104.2675 104.5092 
102.8838 104.2214 104.6846 104.7514 104.9074 104.9355 
100.1578 101.0563 102.7268 102.5911 103.2296 103.6491 
99.9857 102.1385 102.4752 102.8877 103.2548 103.4596 
101.3143 103.2601 103.4919 103.9216 104.2238 104.466 
102.9435 101.6709 103.1149 103.521 103.7607 104.0263 
98.2932 100.9387 102.2411 102.8276 103.3459 103.6517 
105.4844 102.1353 102.817 103.4466 103.8971 104.1549 
101.4398 102.9897 103.5335 103.9022 104.1368 104.3013 
102.8342 100.8745 102.3687 102.9834 103.7018 104.0564 
105.1329 102.2059 103.4954 103.7344 103.9427 104.3522 
102.0826 102.9829 103.5253 103.7185 103.8738 103.9642 
100.7472 101.4239 102.8446 103.0841 103.7779 104.1364 
102.2249 103.4585 103.4624 104.0215 104.3003 104.5368 
105.3515 102.7987 103.1728 103.8716 104.1088 104.3729 
101.864 102.5205 103.1634 103.5331 103.7683 103.9629 
102.9969 102.9872 103.6747 104.0443 104.3761 104.605 
99.7174 101.041 101.8696 102.7945 103.0513 103.5352 
99.5714 100.8074 102.4533 102.9963 103.3891 103.6931 
100.3043 102.5072 101.9373 103.1029 103.6067 104.0267 
101.2944 102.9371 103.8372 103.939 104.2007 104.4705 
100.4099 101.2804 102.5874 103.2252 103.6483 103.9444 
99.8565 101.6959 102.0913 102.6726 103.191 103.5824 
98.6342 101.7923 102.7745 103.2112 103.5755 103.8182 
102.8714 102.9882 103.1165 103.7218 104.1158 104.4605 
100.3304 102.9432 103.1298 103.4601 103.9436 104.2253 
99.2634 102.6983 103.6347 103.8362 104.1979 104.3495 
98.7671 102.0697 103.1027 103.3903 103.8792 104.1276 
100.3043 102.0425 102.9401 103.3511 103.6556 104.0356 
101.3205 103.25 103.9077 104.1569 104.391 104.5024 
100.1578 102.5525 103.3285 103.8071 104.1994 104.2981 
103.0168 103.9713 103.8205 104.2986 104.3522 104.8246 
102.7981 102.7488 103.5597 103.813 104.1823 104.339 
102.7646 103.7926 104.2827 104.5305 104.6735 104.7673 
100.3304 102.1203 102.6711 103.1146 103.6394 103.9815 
103.6888 103.3249 103.551 103.9921 104.4007 104.5716 
101.1814 101.7236 102.9246 103.3984 103.8083 103.9798 
101.3739 103.8144 103.5079 103.9465 104.3724 104.6976 
102.4373 103.0344 102.2454 103.0731 103.6619 104.0192 
103.9335 103.8801 104.1079 104.6054 104.7132 104.8574 
103.3279 101.2665 102.482 102.912 103.3461 103.7211 
101.4 102.9602 103.84 104.0956 104.2801 104.5037 
105.2186 103.3175 104.2245 104.0246 104.4882 104.682 
101.3801 101.9919 101.8222 102.6482 103.3723 103.809 
99.8304 102.2987 103.3445 103.7577 104.0509 104.3705 
102.4037 103.5898 103.9301 104.1222 104.3856 104.5681 
98.2398 101.5781 103.0252 103.5147 104.1252 104.3969 
100.1379 101.6798 102.6374 103.0129 103.4215 103.7622 
98.7932 102.6265 102.5945 103.4476 103.9418 104.3401 
100.2112 102.3253 103.2116 103.4209 103.8007 103.9905 
102.8975 103.1228 103.6901 104.0581 104.3512 104.5867 
105.4844 103.3789 104.4985 104.5918 104.8642 105.0241 
105.431 103.4938 103.9719 104.4023 104.4989 104.6703 
97.777 102.0419 103.2057 103.5479 103.9796 104.0853 
102.6056 103.2315 103.2347 103.5683 104.1139 104.4752 
103.5466 103.116 103.4504 103.7415 104.1153 104.5066 
101.4137 103.3611 103.6817 104.0983 104.5339 104.732 
101.2609 102.6294 102.8878 103.4571 103.7489 104.1439 
97.6764 103.8265 103.1878 103.6616 104.0363 104.328 
98.654 102.4143 103.52 103.9324 104.2919 104.5009 
100.8603 99.8107 101.4073 102.5119 103.1311 103.4694 
99.7174 102.2271 102.9013 103.1405 103.7169 104.0571 
101.1081 102.4957 103.6178 103.5904 103.8778 104.1851 
103.4608 101.416 102.4839 103.1353 103.711 103.9853 
102.4633 102.7009 103.6588 103.6029 104.0574 104.3292 
100.7074 102.9158 103.0798 103.537 103.838 104.0423 
99.8304 101.7501 102.698 103.2782 103.7601 104.0411 
102.7186 102.2769 102.6235 103.4935 103.8233 104.1327 
102.6851 103.1513 103.8629 104.0066 104.3147 104.4791 
100.2509 101.2829 102.105 102.4243 103.0172 103.4039 
102.7385 102.1371 103.1051 102.7834 103.1576 103.621 
101.523 102.9191 103.5917 103.7376 103.932 104.0183 
102.6056 103.7415 103.8909 104.23 104.5334 104.7126 
102.7447 103.6861 104.2369 104.401 104.4993 104.6125 
102.8242 104.3616 104.5001 104.6749 104.8898 104.8859 
105.4049 102.9718 103.6109 104.014 104.4015 104.5842 
101.6286 102.6966 102.7104 103.2905 103.5373 103.7438 
103.9608 103.1762 104.0316 104.2196 104.5481 104.7202 
99.6975 101.2155 102.4157 102.7101 103.1355 103.4408 
99.8304 102.8117 103.321 103.5998 103.8719 104.0175 
102.7186 102.7307 104.0905 104.2681 104.4596 104.6886 
99.9099 101.9171 102.6544 103.0818 103.5452 103.8226 
100.1714 100.4538 102.2249 102.7708 103.3876 103.686 
105.3515 104.8338 104.0772 104.577 104.6537 104.8823 
101.1615 102.0014 102.3721 102.9086 103.4311 103.6511 
98.4124 101.3012 102.3305 102.6785 103.3611 103.7171 
102.7981 103.4639 103.664 104.0281 104.2842 104.6489 
103.354 100.8762 102.3208 102.952 103.4391 103.8356 
100.7808 101.5128 102.5009 102.7884 103.3967 103.7466 
105.0 101.9639 103.4243 103.421 103.8913 104.1067 
98.3665 100.5555 102.4713 102.7601 103.3449 103.6186 
100.1913 103.0272 103.3007 103.7459 104.1225 104.3599 
101.1416 99.2947 101.5232 102.0676 102.9285 103.3624 
98.6342 101.1242 102.4342 102.9863 103.6205 103.8337 
105.7751 103.9529 104.485 104.8053 104.9366 105.0569 
103.7882 104.2543 104.4807 104.4671 104.5574 104.6581 
98.9758 101.1619 102.3272 102.8497 103.0682 103.5291 
105.5441 102.7234 103.2155 103.7793 104.1256 104.4468 
102.9633 103.5531 104.2197 104.4136 104.6588 104.9765 
100.4199 102.929 103.0288 103.6391 103.7485 103.8448 
102.8242 103.4386 103.7504 104.1541 104.5219 104.732 
102.8838 102.4075 103.3196 103.8247 104.2324 104.4936 
101.1615 100.6728 101.647 102.3848 102.8906 103.3153 
100.9137 102.0971 102.8247 103.4641 103.6998 104.0271 
102.8242 104.3886 104.337 104.7119 104.864 105.0098 
100.7808 101.7534 102.0713 102.6123 102.9947 103.411 
100.2708 103.2874 102.9391 103.4973 103.9302 104.1463 
102.7447 102.8336 103.336 103.4477 104.0258 104.2935 
105.272 102.5718 103.4593 103.8755 104.1808 104.3699 
100.9137 101.8009 102.1521 102.6675 103.2913 103.5955 
99.3429 102.586 102.9665 103.4389 103.8192 104.0902 
97.777 102.672 103.345 103.5655 103.8504 103.9588 
103.9273 103.2605 103.4101 103.8261 104.1684 104.3409 
105.2658 101.3948 102.7764 103.4035 103.8539 104.1858 
102.6652 102.67 103.3482 103.4518 103.831 104.1497 
102.705 102.8094 103.6604 104.05 104.2819 104.5234 
102.8441 103.599 103.9337 104.2523 104.6108 104.8367 
102.3578 102.534 103.3295 103.4145 103.8967 104.1718 
101.1814 103.76 104.0594 104.2573 104.4244 104.5962 
100.9335 102.7707 103.2136 103.5161 104.0717 104.2906 
97.1429 102.9107 103.4644 103.6969 103.9328 104.1335 
100.3267 101.2354 101.8538 102.1784 103.0828 103.5437 
100.4398 101.4148 102.8585 103.2217 103.7171 103.9445 
102.7646 103.8507 104.0761 104.2305 104.3904 104.5952 
105.2658 103.9048 103.9592 104.2932 104.6333 104.765 
102.8379 104.3904 104.6866 104.8505 104.9114 105.0418 
103.4608 101.7796 102.2995 102.8696 103.479 103.8145 
99.8901 102.1722 102.9393 103.1442 103.6269 103.8186 
102.9571 102.3001 103.7156 103.7147 104.3277 104.5319 
102.5857 102.5246 103.3811 103.7735 104.1398 104.3256 
98.3863 101.7148 101.9529 102.5254 103.0595 103.4346 
100.0255 102.1909 103.6999 103.6545 103.9753 104.1083 
100.4398 100.4456 102.0203 102.8389 103.2032 103.5489 
101.4398 101.7407 102.0071 102.9847 103.39 103.643 
99.2634 102.4666 103.0313 103.4406 103.76 104.0072 
102.5689 103.3792 103.6329 103.8188 104.1333 104.3025 
102.6056 102.8715 103.3633 103.5282 103.7824 104.1242 
105.2124 103.8833 103.9223 104.0254 104.5043 104.7015 
101.2074 102.3494 103.2364 103.5423 104.0101 104.3035 
100.8205 101.0865 102.5461 103.1017 103.5292 103.7969 
97.3292 101.8261 102.9505 103.1454 103.3124 103.5271 
101.1615 101.8861 102.6719 103.1276 103.5112 104.0015 
102.8342 102.4573 102.766 103.5015 103.9634 104.282 
105.7689 104.3577 104.2654 104.7969 104.9607 105.212 
99.8106 102.5031 103.5036 103.601 103.8643 104.2683 
100.1714 102.4408 102.6115 103.0562 103.4763 103.7761 
100.3304 102.2695 103.0229 103.4841 103.9267 104.2046 
105.1329 103.852 103.2758 103.6276 104.2603 104.5266 
100.2373 103.9121 103.3458 103.99 104.131 104.3536 
103.3279 101.6946 101.6925 102.6285 103.3125 103.6901 
102.7385 102.349 103.3875 103.5963 104.1093 104.2149 
101.2745 101.4809 102.7573 102.9539 103.3293 103.7352 
102.6652 101.664 102.8647 103.3767 103.7833 103.9633 
98.3665 100.5378 102.0093 102.3534 103.1381 103.5424 
102.3242 102.4334 102.0031 102.8164 103.4011 103.8252 
100.8006 103.5737 103.84 103.9227 104.2261 104.3898 
100.3304 102.2968 103.0862 103.4936 103.839 104.0449 
102.8578 102.8402 103.1567 103.5017 103.8975 104.2348 
99.8304 101.9011 103.1152 103.5569 103.9077 104.2253 
100.4658 101.4273 101.4787 102.1616 102.9397 103.4216 
99.8826 101.8192 102.7857 103.3117 103.8213 104.0763 
100.7808 101.0453 102.1852 102.6901 103.2649 103.5261 
100.4398 101.4579 102.3303 103.1073 103.8504 104.228 
100.1578 102.8926 103.6027 103.8876 104.1403 104.2579 
98.7472 101.5152 102.731 103.1217 103.4791 103.644 
100.2907 102.2353 103.2597 103.529 103.9956 104.1754 
100.4398 102.713 103.025 103.3448 103.6737 103.8456 
102.3043 102.3683 103.138 103.2867 103.8137 104.0393 
100.9398 101.2008 102.597 103.0656 103.6803 104.0352 
101.4261 104.0906 104.186 104.35 104.5176 104.5858 
100.1578 102.141 103.0954 103.428 103.9365 104.1289 
101.4335 103.149 103.6897 103.9566 104.293 104.4897 
102.5857 101.7305 102.937 103.4674 103.9978 104.2137 
97.7099 103.1644 103.2812 103.695 103.9871 104.154 
102.9571 105.0338 105.4443 105.3375 105.3725 105.401 
102.7447 102.435 103.1088 103.5547 104.0189 104.2659 
103.9608 103.5317 104.046 104.2994 104.5172 104.6067 
105.2658 101.5137 102.63 103.2823 103.7804 104.1843 
102.7186 102.6256 103.3362 103.8612 104.3674 104.5454 
98.3665 101.9606 102.2968 102.3069 102.71 102.8884 
101.864 103.6171 103.7768 104.1827 104.2522 104.422 
103.0764 101.9469 103.1512 103.6944 104.0786 104.3247 
101.2869 102.3585 103.6604 104.0768 104.3225 104.5768 
100.7808 101.8698 102.2717 102.6737 103.168 103.4366 
102.5764 101.8649 102.5725 103.0471 103.5864 103.9198 
102.7186 103.2339 103.5088 103.9456 103.9214 104.1878 
101.3404 104.1948 104.4214 104.6132 104.8137 104.9038 
100.4099 101.7945 103.0231 103.3586 103.6384 104.0071 
100.4099 103.6186 103.5757 103.9331 104.223 104.4368 
100.2373 102.3312 103.5445 104.0479 104.4349 104.663 
100.3901 102.4917 102.9495 103.7766 103.9465 104.265 
100.2373 102.4533 103.3037 103.9002 104.1104 104.4211 
102.7186 103.8729 104.0117 104.2341 104.3157 104.4002 
102.3578 102.6191 103.5605 103.859 104.2726 104.4135 
100.3304 102.4556 103.2265 103.7473 104.1755 104.4715 
105.272 102.9687 103.865 104.1056 104.4303 104.6048 
101.9435 102.4802 102.5775 103.1818 103.7403 104.0729 
102.7447 103.8415 104.2657 104.5133 104.5551 104.8393 
102.8578 102.4698 103.194 103.625 104.1104 104.3786 
102.5857 102.3069 103.2097 103.4649 103.9473 104.1863 
103.5559 102.0774 102.9392 103.3566 103.8088 104.1837 
98.7733 101.8865 102.5733 103.076 103.4856 103.8567 
102.6056 103.2025 103.7183 104.0324 104.3822 104.4793 
105.4844 104.2834 104.6483 104.5672 104.9083 105.0608 
100.9261 103.282 103.9675 104.1501 104.5224 104.6804 
102.5857 102.853 103.5638 103.7657 104.079 104.323 
105.2658 102.669 103.4865 103.7319 104.2096 104.4824 
101.3006 102.5908 103.4619 103.7985 104.1135 104.3744 
101.2807 103.4055 103.7163 104.216 104.3063 104.5724 
102.6261 101.8065 103.2362 103.698 103.793 104.1059 
102.7981 103.4538 103.663 104.1374 104.491 104.7388 
103.7683 101.49 102.8251 103.3931 104.0135 104.3075 
103.8217 103.3288 103.6233 103.9685 104.3481 104.5307 
99.3367 100.3007 101.6412 102.3366 103.0549 103.4407 
97.9124 99.6545 101.5197 102.2024 102.8231 103.1532 
102.6851 104.3187 104.548 104.707 104.9329 104.9958 
102.4037 103.3505 104.2213 104.433 104.692 104.838 
100.8863 101.4529 102.3719 102.6917 103.2557 103.5436 
100.5193 101.5625 102.3716 102.9171 103.3673 103.6155 
100.1714 102.2652 102.7822 103.59 103.7376 104.0446 
102.3503 102.7423 103.6263 104.0107 104.3126 104.5601 
101.1615 102.8966 103.4417 103.7525 104.3064 104.5354 
103.8279 102.8934 103.8317 104.0485 104.3129 104.4713 
99.7373 101.1291 101.9864 102.2158 102.8695 103.2536 
102.7186 103.5276 103.8881 104.2006 104.4011 104.5279 
100.9398 102.2654 103.0254 103.1788 103.5243 103.7659 
97.8789 101.6612 102.6295 102.9678 103.5813 103.829 
99.777 103.1945 103.7906 103.9703 104.1439 104.2159 
102.5522 102.3768 103.7463 103.7606 104.3272 104.5259 
99.8764 101.9353 102.5261 103.3367 103.4017 103.811 
105.1329 101.5846 102.5856 103.1851 103.6414 104.0218 
102.6851 102.4212 103.0307 103.4242 103.7962 104.0844 
100.2174 102.7724 103.3664 103.6498 103.9406 104.2191 
102.6851 103.5711 103.4149 103.578 104.0517 104.3374 
101.5491 101.05 102.4551 102.8743 103.3591 103.6597 
100.323 101.6866 103.0984 103.5414 103.7256 104.0083 
103.6261 103.8011 103.8824 104.1094 104.3665 104.5716 
99.3764 101.9729 103.2147 103.5277 103.9232 104.0579 
102.4832 102.6521 103.8233 104.1183 104.2874 104.5931 
98.7273 101.3291 102.567 103.362 103.8454 104.1796 
105.2124 102.432 103.3454 103.7753 104.1912 104.4138 
101.5453 104.397 104.2218 104.4971 104.7229 105.0044 
103.6553 103.0432 104.2985 104.3908 104.6049 104.8614 
102.2708 101.8313 102.8746 103.5161 103.8195 104.0727 
105.431 103.1039 103.5563 103.8222 104.0592 104.422 
100.2708 101.2333 102.3692 102.6549 103.3744 103.7972 
99.3565 101.411 102.7382 103.1619 103.5492 103.7355 
103.6888 101.956 102.4929 102.9786 103.6493 103.9183 
99.7373 103.3034 103.9313 104.2715 104.4126 104.6738 
100.1975 101.5424 103.0511 103.5253 103.8545 104.2725 
100.1379 101.7437 102.6974 103.043 103.6748 104.0236 
100.3043 102.0778 102.6104 103.2415 103.5773 103.7891 
102.7385 101.5366 102.885 103.394 103.9157 104.1458 
100.8006 101.043 102.1071 102.8127 103.4589 103.7146 
101.3603 103.1367 103.9192 104.0978 104.3833 104.4731 
100.9137 101.2763 102.7352 103.2276 103.7454 104.0398 
100.8205 102.8522 103.3748 103.6519 103.9229 104.0847 
103.8279 102.043 103.0543 103.7279 104.0407 104.3018 
102.3242 102.0571 103.179 103.4773 104.0023 104.1611 
100.1379 101.7128 102.8647 103.3974 103.9469 104.2198 
100.1578 103.1463 103.4623 103.893 104.2297 104.5074 
103.5403 101.7913 102.6168 102.7732 103.4742 103.8933 
100.4398 101.5266 102.0165 102.7413 103.2981 103.732 
99.9099 101.9954 103.0556 103.5175 103.9882 104.3653 
105.2658 102.363 103.4939 103.5739 104.0139 104.2762 
100.8801 102.4175 102.8981 103.4838 104.0226 104.3362 
99.7373 102.7973 103.7093 103.9376 104.1779 104.4564 
103.6553 102.9881 103.2514 103.6619 103.9871 104.2257 
102.9099 103.2188 103.5914 104.1184 104.307 104.6515 
102.818 102.9424 102.9893 103.4198 104.0524 104.3794 
105.2658 102.5491 103.4693 103.7355 104.1842 104.4352 
97.3963 101.0792 102.295 102.5281 103.0123 103.2026 
105.2124 103.4704 103.6338 104.0805 104.4568 104.7443 
102.7981 102.3684 102.8516 103.3491 103.7908 104.2287 
102.4832 103.871 104.0055 104.5502 104.6906 104.854 
105.4373 104.2836 103.6908 104.4218 104.6937 104.8214 
101.1615 102.5902 103.1737 103.7884 103.9217 104.3249 
98.3863 102.2873 102.807 103.4467 103.8475 104.1756 
101.354 102.7624 103.6793 103.883 104.0984 104.2686 
101.1416 101.5094 102.6106 102.804 103.3338 103.6129 
100.0789 100.9736 102.7096 103.335 103.8431 104.1172 
100.1578 102.2358 102.9561 103.4122 103.8441 104.186 
105.2658 103.5661 104.1808 104.0854 104.4589 104.8237 
101.2745 102.7075 103.4433 103.8765 104.193 104.4135 
103.2944 102.349 102.516 103.1003 103.803 104.2027 
100.2969 103.1897 104.1958 104.3405 104.4012 104.5638 
101.1416 101.3786 102.6437 103.0961 103.5581 103.7836 
102.7447 103.2476 103.5793 103.79 103.97 104.3263 
105.2658 102.0699 102.6579 103.2443 103.8173 104.1602 
100.2435 101.3071 102.325 102.9132 103.2127 103.5745 
103.8217 100.574 101.7989 102.5955 103.2808 103.7773 
102.7186 103.9137 104.1156 104.4545 104.7703 104.9271 
100.1578 103.2825 103.9273 104.2289 104.5322 104.6706 
102.1118 102.7559 103.256 103.5307 103.5986 103.8527 
101.1814 102.6403 102.8964 103.394 103.8725 104.2356 
99.9162 102.2997 103.2535 103.6084 104.076 104.3107 
100.3043 102.3627 102.7828 103.2142 103.5269 103.8097 
105.1329 103.9317 104.105 104.451 104.7574 104.9179 
101.1615 103.754 103.8617 104.2841 104.6601 104.8299 
101.2211 100.8772 102.2926 102.7536 103.3509 103.6643 
101.4932 101.9955 103.4174 103.6784 104.0865 104.2543 
101.241 102.8533 103.6189 103.8482 104.1507 104.3088 
102.9435 104.0847 104.4844 104.6625 104.8723 105.1227 
100.436 103.8296 103.5317 104.1204 104.4141 104.65 
102.4633 103.534 104.1101 104.3419 104.5861 104.7134 
103.8416 104.1863 104.435 104.7233 104.8566 105.0139 
105.2124 101.7508 102.8527 103.6589 103.9644 104.2365 
102.8578 100.5982 102.1502 102.7554 103.3719 103.6987 
103.0689 104.1666 104.6646 104.8863 104.7966 105.0854 
102.6851 102.1917 103.1675 103.3875 103.7638 104.0616 
100.9137 103.1981 104.0661 104.2227 104.4462 104.5405 
103.1062 102.8435 103.0882 103.3778 103.9729 104.3192 
98.7273 99.8468 101.8373 102.4414 103.0691 103.45 
101.1416 103.1362 104.2173 103.9366 104.3199 104.4173 
102.9969 103.2273 104.4596 104.5795 104.9074 105.05 
103.8478 102.3595 102.5635 103.0377 103.7582 104.031 
100.5193 102.2091 102.8953 103.4433 103.9523 104.223 
100.3304 102.8378 102.998 103.4273 103.8209 104.0784 
102.7646 101.9091 103.4978 103.8602 104.2176 104.4722 
105.6298 103.5554 104.2484 104.5664 104.7981 104.8895 
100.1913 103.8693 104.2081 104.6529 104.7049 104.8753 
98.3789 102.7018 103.6466 103.9067 104.1961 104.3964 
102.6652 100.5617 101.6712 102.4125 103.1328 103.5631 
100.1913 100.8912 102.8662 102.9669 103.4016 103.8515 
99.9435 101.8891 103.0258 103.6582 104.0147 104.237 
102.8515 101.439 102.5692 102.6756 103.4774 103.8074 
102.9137 102.3745 103.139 103.3428 103.8008 104.0218 
102.3578 101.8985 102.544 103.1649 103.6687 103.9185 
96.2199 101.6833 102.3009 102.5855 103.1593 103.6206 
101.2745 103.514 103.7754 104.0483 104.336 104.5925 
102.6652 103.4921 103.9028 104.1607 104.5431 104.7302 
103.9869 102.7464 103.6668 103.9415 104.3629 104.5068 
99.6981 100.6289 102.3163 102.4551 103.0914 103.3547 
99.8901 102.1706 103.0807 103.3953 103.9682 104.2485 
100.1379 102.0239 103.3162 103.6624 104.0159 104.2311 
102.7385 102.6905 102.9061 103.4233 103.8698 104.1126 
98.6342 103.3071 103.1915 103.6816 103.956 104.0953 
102.9373 102.978 103.249 103.4679 103.9438 104.3228 
97.7435 101.6274 103.0009 103.1918 103.5192 103.781 
100.3901 102.0943 102.63 103.1331 103.6576 104.0137 
100.1578 103.0558 103.2981 103.6646 104.1133 104.3467 
102.7186 103.0361 103.7355 103.7107 104.2517 104.4605 
102.7112 104.2684 104.0309 104.5023 104.6793 104.7829 
100.1714 100.3382 101.7966 102.4352 103.1169 103.4775 
102.8776 103.4658 103.6272 103.9377 104.1505 104.3578 
102.7981 101.4569 102.637 103.3623 103.7036 104.0144 
98.7273 102.1716 103.0161 103.4138 103.7691 103.9362 
99.0217 100.9721 102.9543 103.0122 103.7338 104.0657 
102.7453 102.8618 103.4443 103.5346 103.8854 104.018 
102.7981 102.1419 103.26 103.5392 103.8953 104.1935 
100.0783 102.6932 103.0573 103.475 103.9376 104.1494 
102.5857 102.7643 103.3796 103.7818 104.2018 104.3985 
98.9758 101.7461 102.401 102.9208 103.3179 103.5853 
99.3367 101.4383 102.3822 103.1246 103.2592 103.6666 
101.0193 102.3675 102.9675 103.1718 103.6427 103.9561 
101.9969 101.5588 102.4708 103.0504 103.4978 103.8905 
105.2658 104.5662 104.644 104.8057 104.8374 104.9876 
102.7112 102.6047 104.4344 104.5142 104.7383 104.9196 
103.9074 102.0355 102.857 103.5918 103.9922 104.2713 
103.9273 103.21 103.5842 104.2065 104.2535 104.4926 
103.9074 102.009 103.062 103.6284 103.9258 104.3139 
101.2074 104.3405 104.4646 104.636 104.6623 104.7563 
101.864 102.7786 104.0527 104.1665 104.31 104.4972 
100.8603 101.306 102.2291 102.5281 103.052 103.3704 
100.8603 101.9948 102.8008 103.2205 103.6443 103.823 
97.6503 102.7833 103.3087 103.6414 103.9125 104.098 
100.4994 102.2615 103.0668 103.4162 103.6317 103.8573 
102.8242 101.4485 102.5234 102.8224 103.5704 103.8887 
102.6056 103.1816 103.9377 103.8691 104.2215 104.4317 
100.7671 103.1103 103.3564 103.1941 103.6187 103.8254 
99.7969 102.8392 103.4891 103.7891 104.2511 104.5091 
102.7385 100.3227 103.0067 103.2776 103.7632 104.0964 
102.4832 103.5631 103.4517 104.0099 104.4167 104.6585 
101.5031 101.6626 103.0204 103.4136 103.8847 104.2343 
103.195 102.3558 103.2897 103.6605 103.8299 104.1878 
102.7186 103.8629 104.4999 104.674 104.8544 104.9378 
102.7186 102.4947 103.4822 104.0146 104.3816 104.6508 
103.136 103.9219 104.1438 104.5102 104.581 104.7342 
101.3006 103.0644 103.5503 103.9258 104.1976 104.2714 
102.6851 102.9656 104.198 104.474 104.6378 104.7935 
103.4608 102.7631 103.3038 103.478 103.6139 104.0372 
103.8478 102.9386 103.6207 103.7563 104.1418 104.3374 
105.4112 103.6906 103.87 104.2165 104.5885 104.7102 
100.5193 102.8336 103.3745 103.7944 104.2197 104.4248 
97.6304 102.6656 103.4831 103.8096 104.214 104.3822 
103.6888 101.4376 102.2682 102.9687 103.7032 104.0937 
102.6851 101.8751 102.8383 103.1258 103.6449 103.9805 
102.4435 102.7895 103.6364 104.1644 104.3733 104.537 
105.431 103.5938 103.4928 104.1227 104.5674 104.8341 
102.3242 102.3099 103.5477 104.0589 104.4403 104.7224 
101.3801 103.0495 103.2241 103.7533 104.2193 104.4606 
102.3578 101.6243 102.804 103.2727 103.6371 103.8606 
101.241 103.5276 104.1201 104.273 104.4665 104.5626 
100.1714 102.3828 103.4378 103.7683 103.8792 104.1001 
105.4049 103.9945 104.4407 104.6037 104.7609 104.8723 
98.6342 102.0087 103.3323 103.7835 104.2186 104.4431 
102.9969 104.465 104.6699 104.8546 105.0196 105.1161 
102.6255 101.3686 102.2241 102.4501 103.0609 103.581 
98.3528 102.2095 103.3419 103.5818 103.8073 104.0521 
102.6851 100.9732 102.3676 103.1836 103.6168 103.9041 
102.9832 103.4396 103.6359 103.6888 104.3455 104.6255 
100.2708 102.9772 103.3761 103.7515 104.0646 104.2347 
102.8578 103.1697 103.3927 103.8256 104.281 104.4448 
102.7385 104.244 104.6731 104.7577 104.9004 104.9524 
102.8242 104.1194 104.1948 104.2601 104.3215 104.6253 
99.8106 102.6631 103.3761 103.4925 103.8517 104.0609 
97.9124 101.9625 103.1708 103.0896 103.6319 103.9759 
102.6851 103.5254 103.5582 103.9391 104.3498 104.6216 
97.7435 101.8934 103.2148 103.5871 103.91 104.218 
102.7646 102.5869 103.0031 103.1801 103.5341 103.851 
100.9137 102.6357 102.8605 103.0081 103.4665 103.763 
103.6888 103.2291 103.9544 104.1968 104.4486 104.5666 
105.2658 104.0773 104.362 104.7885 104.8353 104.9696 
98.9957 101.6135 102.646 103.1432 103.661 103.8831 
101.4137 101.6401 102.9837 103.374 103.6942 103.9188 
103.9671 102.4778 103.348 103.9233 104.2343 104.4281 
102.7186 101.6405 102.9046 103.3906 103.8724 104.1638 
105.2186 103.5555 104.2479 104.5315 104.7133 104.7748 
99.9099 100.5752 101.9225 102.3035 102.9831 103.4469 
99.8764 102.1812 102.8627 103.4671 103.9478 104.3016 
102.6652 103.159 103.5331 103.957 104.22 104.406 
98.7273 101.7034 102.5043 103.0122 103.6671 104.0717 
105.2124 103.5228 104.3448 104.6251 104.8582 104.9903 
100.3242 102.2726 102.5804 102.8525 103.299 103.4887 
100.4199 100.7578 102.1428 102.8343 103.3036 103.6839 
100.9596 101.4562 102.9164 102.9289 103.5869 103.9086 
100.8006 100.4395 102.1372 102.8802 103.5965 103.9364 
100.1714 101.4663 101.7708 102.5851 103.1854 103.6478 
101.4 102.8216 102.8257 103.4008 103.8579 104.1833 
98.3528 102.4001 102.7736 103.0962 103.4977 103.7522 
101.1081 103.7529 103.8012 104.3127 104.5032 104.6514 
102.6652 104.4215 104.5337 104.757 104.9543 105.0386 
100.2708 103.5618 103.47 103.9325 104.1014 104.3221 
103.1286 103.6735 103.879 104.214 104.5114 104.7691 
101.3205 103.1139 103.7624 104.0102 104.191 104.3491 
100.3304 103.4014 104.1606 104.3745 104.6629 104.7896 
102.5857 103.635 103.8095 103.883 104.0875 104.3675 
100.7808 103.2242 103.745 103.8813 104.0496 104.1125 
102.636 102.7324 103.5489 103.8767 104.156 104.2907 
102.6851 102.4072 102.8545 103.2194 103.7592 104.0348 
100.9994 102.4449 103.0982 103.2241 103.6521 103.8366 
98.7472 102.1293 102.6099 103.3448 103.7456 104.0202 
101.1814 102.8336 103.1576 103.6295 104.0355 104.2186 
102.7447 103.8561 104.2543 104.5358 104.7248 104.9385 
102.6652 103.2548 103.6279 103.8492 104.2363 104.5091 
102.2447 102.9043 103.4204 103.746 104.0216 104.3507 
100.2708 103.0012 103.6042 103.9811 104.182 104.4987 
105.1329 103.8912 103.5336 104.0437 104.3884 104.7038 
97.664 101.1902 102.0985 102.7312 103.1847 103.3653 
99.8503 102.6037 103.3891 103.7768 104.1108 104.2905 
101.2012 101.536 103.1491 103.7086 104.024 104.3777 
105.4373 104.5715 104.9151 105.0611 105.1724 105.2406 
100.8006 103.766 103.7125 103.9099 104.1167 104.2427 
102.7981 103.2764 103.1763 103.4346 103.793 104.1062 
103.1025 103.413 103.6963 103.9788 104.2632 104.6289 
102.9571 102.4055 103.0886 103.5864 104.0801 104.224 
104.1 102.6244 103.6852 103.9529 104.2963 104.5172 
103.6888 101.3491 102.7641 103.2312 103.4534 103.8316 
100.7808 103.009 102.6202 103.1571 103.6402 103.9257 
103.9546 104.343 104.4317 104.5266 104.7444 104.9072 
102.9633 102.4798 103.5648 103.9097 104.2249 104.4425 
102.8242 103.2185 103.9863 104.2129 104.5996 104.819 
98.7137 101.3615 102.5676 103.2003 103.7944 104.1124 
101.3901 103.1614 103.1819 103.8744 104.1801 104.4115 
98.7472 101.1261 101.9598 102.6864 103.4625 103.7793 
102.7186 102.1061 102.9912 103.4896 103.9834 104.2339 
105.2124 104.4364 104.8204 104.9479 105.0703 105.1186 
102.8776 104.2469 104.635 104.5872 104.798 104.836 
100.1776 102.8663 102.8258 103.1827 103.6449 103.9261 
105.3453 103.9018 104.3866 104.5938 104.8034 104.9791 
103.9273 103.4206 103.7458 104.0111 104.4532 104.6054 
102.3043 103.0906 103.2131 103.6825 103.8858 104.0515 
101.3801 103.4267 103.8875 104.1763 104.2297 104.4766 
101.9633 103.0886 103.5942 104.0447 104.1965 104.4558 
102.818 102.5705 103.2492 103.7249 104.1891 104.4555 
102.1913 102.4809 103.1664 103.6457 104.0413 104.2648 
102.2249 100.2304 101.0619 101.6027 102.5766 103.068 
101.1416 102.7492 102.2291 103.3759 103.67 104.0585 
100.1578 103.8355 104.1721 104.3077 104.4416 104.4711 
101.8838 101.4301 102.5246 102.8848 103.3721 103.6042 
97.1168 102.4895 102.8393 103.2333 103.6401 104.0237 
100.2112 102.921 103.1481 103.91 104.1853 104.4382 
97.7435 101.4523 102.8836 103.4062 103.8648 104.1049 
102.818 102.3685 102.8104 103.1884 103.9162 104.3627 
99.8764 101.6647 103.0733 103.5334 103.8027 104.0411 
102.0168 103.0576 103.6232 103.9434 104.3375 104.409 
100.7808 102.1532 102.5908 103.2108 103.5922 103.8433 
103.8279 102.5449 103.6414 103.5421 103.9583 104.2409 
102.9571 101.1935 103.0441 103.1746 103.6919 103.9418 
100.9335 102.7597 103.4606 103.9001 104.2345 104.3856 
98.3528 101.7647 102.4849 103.1936 103.7344 104.113 
99.9435 103.1736 103.4547 103.7306 104.0249 104.2002 
100.9137 103.1325 103.3876 103.8454 104.3164 104.5754 
100.0255 101.4323 101.9378 102.5723 103.1885 103.5283 
100.9 101.7265 102.3627 103.0274 103.6252 103.865 
98.7273 100.8212 102.5227 103.0126 103.555 103.8819 
101.4335 102.2584 103.5085 103.6567 104.0754 104.2587 
105.5441 102.4639 102.9438 103.4109 103.8842 104.2157 
105.5503 103.9613 103.8363 104.1479 104.538 104.7757 
98.7335 102.6927 103.2481 103.7107 103.9743 104.2865 
100.9398 102.7348 103.5774 103.8288 103.9707 104.1145 
105.3515 104.6298 104.7986 104.6439 104.7302 105.0069 
98.7398 103.072 103.2055 103.4733 103.8289 104.1968 
101.1416 103.8956 103.7077 104.0348 104.3971 104.5614 
103.8416 103.8251 103.8356 104.0743 104.4495 104.659 
102.6851 102.86 103.3665 103.818 104.1151 104.3163 
103.9273 103.0499 103.5019 103.5834 104.181 104.3763 
99.777 101.7943 102.4418 103.2565 103.821 104.1409 
102.8776 101.8774 102.5867 103.0981 103.3727 103.8802 
101.3205 103.0417 103.857 104.2702 104.5211 104.6733 
100.3043 101.4803 102.3602 103.0082 103.5855 103.8288 
101.3801 102.7088 103.1527 103.8598 104.038 104.4772 
99.8106 102.3162 102.2396 102.6784 103.4293 103.7457 
100.1714 102.754 103.5863 103.7398 104.0085 104.3042 
101.4074 101.5135 103.2683 103.5311 103.9957 104.384 
102.7907 102.2583 103.7794 104.101 104.4336 104.7368 
99.8304 103.3512 103.5599 104.0132 104.0431 104.1869 
102.3776 100.781 102.5716 102.8608 103.5622 103.8664 
102.705 102.2251 103.2328 103.4735 103.8358 104.2182 
100.1379 103.0674 103.9403 104.1958 104.4322 104.5372 
100.4199 100.8848 101.7037 102.2686 102.8418 103.2488 
98.6938 101.3359 102.756 103.3589 103.9059 104.2429 
102.7447 103.0121 103.4152 103.6744 104.0421 104.2885 
101.2944 101.0457 102.344 102.8292 103.5833 103.9424 
102.6056 102.5905 103.5582 103.6314 104.1151 104.2613 
97.7696 101.9906 102.5477 103.0851 103.6363 103.813 
100.4199 101.9038 102.3526 102.8565 103.3501 103.7308 
105.2658 103.0404 103.944 104.2409 104.5465 104.6819 
100.1913 102.4346 103.7095 103.7596 104.261 104.451 
102.6087 102.6242 102.7224 103.0364 103.5257 103.9624 
102.1882 102.0988 103.4577 103.8134 104.1441 104.3641 
98.2932 102.8835 103.6941 103.9984 104.287 104.398 
105.272 103.4016 103.073 103.3694 103.9865 104.2829 
102.7186 102.1547 103.1611 103.5621 104.0113 104.2474 
102.8043 103.3321 103.5511 103.9293 104.3062 104.5687 
99.8304 101.8277 102.5633 102.969 103.3387 103.5831 
101.1416 103.2106 103.0659 103.3795 103.9627 104.3884 
100.8205 102.2902 103.2502 103.6363 103.9155 104.1664 
99.823 102.0451 103.0164 103.4723 103.8625 104.0853 
102.5857 102.4123 102.7969 103.3563 103.6971 103.9791 
98.3528 102.9944 103.6724 103.7391 103.9472 104.1034 
102.5857 103.2285 102.8932 103.4583 104.0096 104.2533 
98.2932 101.9796 102.0603 102.6364 103.1504 103.4932 
103.8217 102.3007 103.5259 103.847 104.1749 104.3973 
105.1329 102.9454 103.8715 103.9237 104.2707 104.4692 
101.9633 101.6909 102.9105 103.278 103.7895 103.9666 
100.8006 102.2624 103.1433 103.7265 104.0205 104.2673 
101.3006 102.8921 103.963 103.8874 104.2484 104.4266 
101.2745 102.5893 103.1515 103.1487 103.6307 103.9627 
102.7186 101.5472 102.7287 103.1337 103.6049 103.9639 
102.8578 101.1798 102.4084 102.9967 103.6777 104.0826 
100.3901 103.7231 103.7953 104.1914 104.2728 104.5122 
101.523 101.4661 102.9901 103.1594 103.6244 103.8345 
102.4373 101.4256 102.8645 103.2355 103.7619 104.046 
100.2708 103.3173 103.4405 103.7563 104.2994 104.4227 
102.7186 101.6256 102.8983 102.585 103.2923 103.8002 
101.0453 103.066 103.5364 103.9738 104.2514 104.4511 
102.3776 102.0042 103.1864 103.7009 103.932 104.2342 
100.2112 100.6743 102.6144 102.9911 103.6133 104.0695 
102.6652 101.4176 103.3086 103.1362 103.8991 104.2031 
100.3863 100.7584 102.4239 102.9453 103.4873 103.7567 
102.3578 102.0929 103.127 103.5423 104.0059 104.2049 
102.2708 102.392 102.3145 103.1721 103.7626 104.1897 
105.3987 103.4442 103.884 104.4029 104.4735 104.6185 
98.7273 100.9377 102.4732 102.8315 103.2661 103.5445 
102.6652 102.8391 103.4251 103.899 104.1274 104.4302 
101.9633 101.7702 102.1602 102.7352 103.3263 103.6409 
98.8329 101.6042 102.5132 102.7045 103.2672 103.5967 
98.7472 102.5943 103.0795 103.5482 103.9974 104.1984 
102.6652 102.0975 102.9434 103.4069 103.6967 103.9737 
101.3801 102.9432 103.3722 103.9872 104.1839 104.4229 
100.9596 103.477 104.0571 104.1791 104.3935 104.6055 
102.7385 103.4803 104.1397 104.2192 104.5039 104.7513 
103.5559 102.6897 102.5132 103.4732 103.8085 104.2237 
99.8901 103.7511 103.378 104.0017 104.3285 104.5723 
100.1714 102.4321 102.9304 103.6101 103.9066 104.1769 
97.6168 102.6077 103.5799 104.1257 104.1227 104.4554 
99.4696 101.7252 102.9055 103.3073 103.4603 103.7797 
100.3764 103.1385 103.7219 104.0652 104.2905 104.4476 
100.4025 102.4649 103.0254 103.5682 104.12 104.2572 
101.4335 103.3535 104.0555 103.9824 104.264 104.5079 
102.4435 102.1229 103.2588 103.5998 103.9345 104.0988 
100.4025 103.2223 103.699 103.9639 104.2458 104.5525 
102.8441 104.1916 104.5113 104.5065 104.7707 104.7455 
105.4907 105.3397 104.9756 105.0748 105.2337 105.2982 
97.7696 101.9567 102.3516 102.8338 103.4387 103.7947 
102.7186 103.414 103.92 104.2489 104.4447 104.6135 
102.7186 103.5572 104.1827 104.3481 104.5413 104.6293 
102.4633 102.9111 103.3353 103.6437 104.0315 104.2161 
105.1329 102.5227 102.9994 103.562 103.98 104.226 
98.8789 102.7345 103.1687 103.5492 103.8392 104.0721 
102.9373 103.5324 104.1484 104.0518 104.3636 104.5313 
100.8801 101.7545 102.4125 103.2293 103.4727 103.8502 
100.3168 102.8779 103.7076 104.1146 104.4622 104.6796 
101.1385 102.1685 102.9068 103.3349 103.8714 104.2176 
100.3304 102.0264 103.7941 103.955 104.2626 104.546 
102.3242 102.4345 103.5416 103.7429 104.0758 104.3128 
102.6056 102.8157 103.8042 104.1625 104.491 104.6068 
101.241 102.4268 103.3172 103.7997 104.057 104.4041 
102.7385 102.7525 103.4916 103.4251 104.0799 104.3382 
102.2447 101.1386 101.714 102.4598 103.1838 103.6262 
99.8503 103.0585 103.9912 104.1232 104.3453 104.5261 
102.7385 103.1676 103.9053 103.91 104.1042 104.493 
105.3453 104.3895 104.822 104.8991 105.0017 105.1106 
103.9608 102.2487 103.1851 103.6259 103.8926 104.197 
102.2249 102.9387 103.1109 103.514 104.0156 104.3008 
101.5453 103.3365 103.6104 104.01 104.2915 104.5616 
103.8217 103.0153 103.5573 103.9801 104.1519 104.5057 
101.2211 103.7169 103.896 104.0137 104.2745 104.481 
105.4907 103.8155 104.4584 104.68 104.7882 104.9622 
103.8416 102.2843 103.1469 103.6609 104.1424 104.3693 
102.705 103.5701 104.2527 104.4539 104.6362 104.7243 
102.8441 104.4141 104.3417 104.5478 104.8283 104.9539 
99.9435 102.5686 103.1664 103.2998 103.8753 104.1116 
105.3453 104.4205 104.3639 104.6525 104.7878 105.0426 
103.6553 101.9968 102.6065 103.2754 103.8074 104.0931 
102.8776 103.2739 104.3856 104.4474 104.7279 104.8585 
103.8279 103.4874 104.1413 104.3867 104.514 104.6398 
101.2745 103.7273 103.8545 104.3413 104.554 104.6449 
98.4124 102.5793 102.9073 103.3484 103.8318 104.0627 
101.2944 101.777 102.6933 103.0331 103.5575 103.9294 
102.8578 103.6604 104.5895 104.8274 105.0522 105.1762 
99.7174 102.7225 103.2782 103.5935 104.0185 104.2265 
101.2869 102.9665 103.824 104.1693 104.5525 104.7159 
102.3043 101.8619 102.9985 103.4277 103.8398 104.072 
100.1913 102.3015 103.419 103.5824 103.9337 104.2229 
100.3901 102.2215 101.869 102.7154 103.3138 103.7359 
103.9335 103.9534 104.1698 104.6634 104.6399 104.8561 
102.0826 102.4458 103.4615 103.6014 103.9654 104.1005 
101.2745 102.4458 103.2537 103.4267 103.8585 104.0946 
102.7385 101.3125 102.5001 103.0536 103.696 103.9669 
102.9373 101.9601 103.3398 103.7211 104.1124 104.329 
102.1913 102.2596 103.2605 103.6276 103.9337 104.1401 
100.1839 103.304 103.8405 104.1456 104.359 104.5038 
100.8006 102.8601 103.6493 103.5781 104.0436 104.1484 
99.8106 100.5738 101.8909 102.4783 103.197 103.5698 
100.277 102.1739 101.9957 102.5878 103.3973 103.8427 
99.8901 102.2165 103.0045 103.3271 103.7764 104.0113 
99.7174 101.6248 102.203 102.9864 103.3994 103.8306 
102.3441 103.5891 104.6272 104.5403 104.6884 104.7841 
105.6298 105.3759 105.4122 105.4417 105.4375 105.4374 
103.0428 103.3798 104.1621 104.4185 104.6761 104.7983 
102.9373 103.2556 103.9701 104.249 104.5581 104.721 
103.4807 102.593 103.0901 103.496 103.7968 104.025 
101.1416 102.477 102.8987 103.2568 103.7394 103.9761 
101.4 101.5517 102.9794 103.48 103.8024 104.1538 
100.3267 102.5169 102.8191 103.3499 103.8643 104.1234 
99.8106 101.1275 102.3378 102.4174 102.9027 103.4174 
101.3801 103.8027 104.49 104.67 104.8048 104.9027 
100.2112 102.2808 103.4285 103.7983 104.1171 104.3044 
100.9062 101.8053 101.9067 102.2727 103.0685 103.3845 
101.2671 102.3474 103.3104 103.5759 104.1817 104.4603 
102.8515 102.494 103.6084 104.0167 104.2202 104.4682 
105.5503 104.0472 104.4669 104.7278 104.776 104.8561 
105.2658 102.6158 103.4497 103.7741 104.2867 104.52 
97.7099 101.899 103.0233 103.4924 103.8236 104.0657 
99.4696 100.8184 102.6883 103.0993 103.6669 104.0076 
99.3367 101.7424 102.5066 102.6776 103.0726 103.256 
102.3578 101.7751 102.6251 102.9003 103.2086 103.6326 
102.5857 103.6219 103.875 104.1842 104.4298 104.6248 
101.1416 101.8225 102.8704 103.4243 103.9017 104.1722 
105.2658 103.8445 104.113 104.3996 104.6519 104.8582 
99.8503 101.8424 103.4821 103.7302 104.0123 104.2996 
100.4162 103.7755 104.6005 104.5561 104.7528 104.8348 
102.9435 102.0363 103.1665 103.5302 104.1022 104.3972 
101.864 101.482 102.2443 102.8566 103.2109 103.5035 
100.3267 100.851 102.2432 102.9748 103.6372 103.9795 
100.4099 102.2457 102.9854 103.6894 103.9593 104.287 
102.6851 102.5861 103.065 103.3059 103.8431 104.1492 
105.1329 102.4366 103.4302 103.7196 104.2241 104.4627 
98.3665 101.6595 102.5287 102.7338 103.2565 103.6674 
101.1416 101.3556 102.1579 102.7681 103.3072 103.6083 
103.6062 102.328 102.9142 103.2869 103.5383 104.0342 
102.5857 101.6792 102.7064 103.4202 103.7701 103.9411 
102.7646 103.3857 104.2208 104.3632 104.5965 104.8666 
98.8329 102.5219 103.1623 103.3487 103.7302 103.8959 
102.9373 102.9458 103.1862 103.6322 104.1601 104.4889 
100.5528 102.6277 103.8209 104.0591 104.2846 104.539 
102.818 102.2023 103.4626 103.8142 104.1207 104.4805 
102.3776 101.742 103.0395 103.5474 103.9318 104.2401 
102.7981 103.7466 103.8017 104.2412 104.2243 104.5071 
102.7708 103.4564 103.6438 104.0235 104.3152 104.5101 
101.241 102.584 103.1868 103.3816 103.8063 104.0249 
100.2708 103.9328 104.2813 104.4133 104.5572 104.6223 
102.5857 103.1679 103.1052 103.3895 104.0512 104.3254 
105.272 103.5778 104.1382 104.4215 104.5382 104.8424 
101.1416 103.4277 103.2113 103.7202 104.0141 104.3802 
99.7373 102.1143 103.1138 103.6211 103.9939 104.1882 
100.3242 101.409 102.0038 102.652 103.4072 103.7026 
100.2634 102.927 104.0639 104.3121 104.624 104.7539 
102.5857 101.2557 102.5751 103.315 103.6364 103.8768 
105.5441 102.2858 103.273 103.7119 104.1486 104.4712 
103.5528 102.9324 102.8912 103.2585 103.7448 104.0318 
105.4844 104.0699 104.3351 104.5502 104.7968 104.907 
101.3143 102.8625 103.6916 103.9551 104.2244 104.3687 
101.2944 100.7929 102.2766 103.0972 103.56 103.8693 
105.2124 103.9146 104.2323 104.303 104.6375 104.7746 
103.6888 102.3765 103.1415 103.5288 103.849 104.0382 
102.8515 102.1873 102.8172 103.3425 103.7792 104.1464 
101.2745 102.1842 103.0317 103.3908 103.7594 103.9114 
100.3764 103.5359 103.8549 104.2828 104.3994 104.5291 
99.8503 103.0016 103.834 104.0582 104.301 104.3987 
100.3863 101.985 103.0612 103.2397 103.6147 103.8753 
99.8503 102.0098 102.3141 102.819 103.4926 103.7762 
102.4969 103.5151 104.3244 104.4847 104.6988 104.8642 
100.1913 101.876 103.0516 103.4045 103.7565 103.94 
102.9633 103.6824 103.9561 104.1707 104.4552 104.7365 
98.8267 102.2149 103.3896 103.7612 104.1185 104.2617 
101.0292 101.2303 102.1417 102.6196 103.2055 103.498 
103.3279 102.1929 102.9148 103.3305 103.5342 103.8076 
100.3043 101.5295 102.9538 103.243 103.7926 104.1954 
98.3665 101.8837 102.753 103.3831 103.74 103.949 
102.7385 103.4781 104.0161 104.4212 104.704 104.8444 
102.7385 103.8 103.842 104.2222 104.5249 104.6878 
101.6286 101.3806 102.7071 103.1007 103.5759 103.8508 
100.9137 102.3938 103.3253 103.6732 104.0459 104.1617 
99.7174 102.1533 103.5805 103.8735 104.2758 104.4399 
103.3279 103.0669 103.3324 103.7897 104.1939 104.3827 
97.9124 102.5542 103.7628 103.8135 103.9768 104.2398 
105.1329 103.3962 103.2543 103.8837 104.139 104.4163 
99.6981 101.1887 102.3616 102.6457 103.2545 103.5801 
98.9957 99.9971 101.8274 102.1886 102.9698 103.392 
102.7646 104.2345 104.0483 104.5286 104.6322 104.8457 
100.1714 101.719 102.4831 102.7034 103.1799 103.5958 
100.0789 102.3996 103.0412 103.541 103.6898 103.9199 
102.5857 102.2676 103.0736 103.31 103.93 104.2773 
102.7646 102.0165 102.7083 103.3501 103.8003 104.1328 
105.0 103.0086 103.7106 104.1586 104.4408 104.6509 
101.2944 103.6244 103.8202 103.9936 104.4064 104.5366 
99.6975 101.5349 102.2019 102.8837 103.3297 103.6633 
99.6044 101.2577 102.3424 102.6685 103.3693 103.7436 
101.2472 102.8327 103.399 103.9131 104.0412 104.2481 
101.3006 104.362 104.7457 104.8233 104.9244 104.9595 
100.1913 102.1035 102.8374 103.2706 103.7535 103.9976 
101.1416 101.3813 102.4758 102.6643 103.368 103.7161 
98.8329 102.5676 103.0819 103.867 104.1097 104.3191 
103.3478 103.3787 103.7043 103.9832 104.2725 104.4515 
101.5528 103.8124 103.8774 104.1449 104.4456 104.5974 
102.572 103.1635 103.7821 104.1495 104.5384 104.7029 
102.6652 103.8181 103.3587 103.764 104.218 104.5627 
99.936 102.0457 102.8902 103.4938 103.8779 104.1151 
103.7149 103.1314 103.7348 103.9308 104.3259 104.533 
101.4994 102.3086 102.8783 103.5066 103.9487 104.2462 
101.4398 102.2105 102.8785 103.1424 103.6462 103.8612 
105.4907 104.1017 103.9436 104.0705 104.5244 104.852 
98.7472 101.7625 102.7046 103.085 103.5107 103.7953 
99.8901 102.3127 102.7703 103.1132 103.5936 103.9079 
102.8043 103.3879 103.5805 103.6158 104.2167 104.4827 
102.8515 103.7028 103.6362 104.0739 104.3508 104.5904 
99.9099 101.8608 102.8074 103.2731 103.5051 103.8749 
99.2634 102.6981 103.4408 103.5594 104.0061 104.1805 
101.2745 101.5252 102.5183 103.0857 103.7259 104.1075 
101.241 102.4819 103.2055 103.754 103.9249 104.1442 
105.0795 101.2281 102.7711 103.2513 103.824 104.2595 
103.9608 102.2057 102.9387 103.649 104.0482 104.3321 
101.9099 101.6296 102.6126 103.2451 103.721 103.9928 
101.2944 103.6996 103.6689 104.2629 104.3587 104.6441 
103.7683 102.6416 103.4068 103.9711 104.1658 104.4789 
98.9758 101.5843 102.4496 103.0631 103.6273 103.9594 
102.0826 102.8941 103.2154 103.6373 103.9985 104.2473 
102.7981 104.0657 104.6987 104.7096 104.8853 105.0601 
101.2944 102.0517 103.0408 103.0216 103.745 104.0076 
100.059 101.4972 101.9497 102.3538 103.1435 103.5159 
104.0466 101.3291 102.6406 103.0386 103.699 104.1557 
100.9335 100.7751 102.027 102.7214 103.2933 103.6489 
97.0969 100.8291 101.8462 102.504 103.0619 103.476 
103.9608 102.1236 102.8939 103.0746 103.582 103.8891 
100.4099 100.9625 102.1803 102.907 103.3256 103.7749 
105.2124 103.9762 103.5762 104.0043 104.3904 104.7044 
102.8515 102.7502 103.4541 103.8978 104.2797 104.5028 
101.241 101.6844 102.5965 103.2773 103.7506 104.0593 
102.7981 103.4188 103.3232 103.9858 104.1484 104.359 
100.1975 103.5152 103.9162 104.2987 104.4909 104.802 
102.7186 103.0068 103.729 103.9048 104.4743 104.5748 
101.4994 102.7243 103.6711 103.9754 104.1305 104.3987 
98.8863 102.6115 103.2601 103.7176 104.2325 104.4622 
98.3863 102.0049 103.2889 103.8801 104.1421 104.3803 
100.1913 102.779 103.1705 103.6392 103.8457 104.0954 
100.7808 102.9041 103.1392 103.5198 103.9549 104.1562 
105.1329 105.0754 105.0752 105.0999 105.0914 105.0511 
100.1714 101.674 103.2306 103.6158 104.0787 104.294 
103.1261 102.3286 103.633 103.9476 104.3231 104.4745 
105.2124 103.4707 102.8666 103.2236 103.8544 104.2112 
102.9832 103.0228 103.8114 104.0464 104.2762 104.5557 
103.8217 102.5259 102.7505 103.6329 104.1213 104.4243 
97.8789 100.8991 102.2968 102.8131 103.4881 103.7943 
103.8279 102.8647 103.215 103.6359 104.1362 104.4498 
101.1416 102.1059 102.7017 103.2141 103.7419 104.0041 
98.654 101.8578 102.5462 103.2613 103.4721 103.9027 
101.2745 102.7214 103.4299 103.7836 104.2478 104.4577 
98.7671 102.3625 102.9465 103.1824 103.7454 104.0259 
102.3242 103.5372 104.0595 104.2581 104.3521 104.468 
102.9373 100.8315 102.2791 102.6625 103.2414 103.7032 
100.3838 100.5012 102.0708 102.6697 103.2576 103.7342 
104.0664 103.1135 103.9288 104.1802 104.4469 104.7847 
105.3515 103.9914 104.193 104.4779 104.7835 104.9746 
98.7137 102.8208 103.2033 103.6983 104.1 104.3317 
100.8006 103.2727 103.1477 103.821 104.1207 104.3818 
102.3043 103.0838 103.5223 103.8763 104.2602 104.3951 
101.2609 102.5236 103.2519 103.6075 104.0915 104.3234 
102.6913 104.1586 104.4116 104.576 104.7761 104.8216 
98.7 101.9537 102.5441 102.8272 103.4787 103.7751 
102.7385 103.0887 103.9157 104.0739 104.3831 104.5233 
105.4049 102.5455 103.6343 103.8636 104.2324 104.4901 
104.0403 104.6414 104.6306 104.8303 104.9907 105.1101 
102.7646 101.7145 102.7144 103.0937 103.6827 103.9745 
100.9137 101.5304 102.1904 102.681 102.9913 103.4047 
102.5857 103.2345 103.6157 104.1825 104.3432 104.5824 
102.7447 102.8148 103.6995 103.9023 104.3532 104.6271 
102.8043 101.971 102.8925 103.206 103.7142 104.0673 
98.7671 102.0994 103.0786 103.2607 103.6281 103.8353 
102.3838 102.1123 102.9275 103.2564 103.6838 104.0012 
105.0 103.8828 104.1901 104.2411 104.4448 104.6735 
98.3863 101.5505 102.3125 102.3247 103.1812 103.3687 
102.8776 101.4358 102.7836 103.3105 103.8784 104.1356 
103.9012 104.9092 104.9745 105.1234 105.2479 105.3062 
102.6056 102.3333 102.8594 103.3861 103.9616 104.2293 
105.4907 104.0062 104.3386 104.7178 104.8289 105.0131 
100.436 102.6769 103.3802 103.8274 104.2399 104.4105 
101.4 102.1922 102.9758 103.4679 103.8597 104.1486 
100.1441 103.7018 104.4446 104.4943 104.7162 104.8805 
99.8304 101.7209 102.9499 103.3183 103.6614 103.8602 
101.0453 100.6818 102.2423 102.9169 103.5418 103.8883 
102.8515 103.1929 103.8848 104.2468 104.5127 104.6771 
99.3764 103.2782 103.6629 103.8446 104.0475 104.145 
105.4049 104.293 104.2397 104.5528 104.7575 104.9098 
101.241 102.9862 102.9187 103.5397 104.0595 104.3086 
102.7981 103.8115 104.152 104.3448 104.4921 104.6359 
102.523 103.0736 103.383 103.4669 104.0196 104.2391 
102.3043 101.687 102.5642 103.0271 103.6679 104.0555 
101.241 101.4235 102.4374 103.1836 103.6548 103.991 
102.3578 101.0539 102.717 103.1976 103.6811 103.9417 
