105.4184 105.4952 104.8228 105.5867 104.5799 105.7394 
101.4924 103.4047 103.1929 103.5007 103.3689 103.7918 
98.2186 101.3235 104.5575 103.1587 104.2636 105.2297 
101.6388 103.3932 103.2142 103.3071 102.9318 105.4438 
106.7735 102.8145 103.2658 103.4774 104.5805 104.2601 
103.0603 101.7419 102.503 104.4126 102.6933 104.3863 
100.5989 102.5623 103.0151 102.8406 103.1643 103.5807 
98.572 102.5849 104.3332 103.0365 103.9007 104.7491 
106.1217 103.9434 104.9065 104.0834 103.3798 106.0327 
106.1507 103.2655 103.6286 104.1492 105.4716 104.5786 
106.0522 103.2741 103.9048 105.4701 103.0718 105.1479 
103.3923 103.0345 102.6294 102.9949 103.5113 104.6069 
97.5989 102.3938 104.592 103.1623 103.3988 104.5304 
103.2122 100.6749 103.4245 102.4388 102.4159 104.3476 
101.88 101.4892 101.0823 102.394 104.079 103.4015 
103.2382 103.1163 103.4062 104.975 102.8905 104.8784 
103.55 102.9942 103.4816 103.8121 104.3452 105.0751 
101.8481 103.6483 103.9612 102.5701 102.8074 104.1535 
102.0373 99.3301 102.9031 102.458 102.6304 104.4504 
103.4656 101.4309 102.459 103.0831 104.8818 104.215 
107.0841 102.6069 102.4926 104.7608 102.4344 104.9437 
100.4168 103.8269 103.3601 103.5575 104.2121 104.4961 
103.798 103.5323 103.4511 103.0956 103.4041 104.7472 
104.1367 101.4108 104.1946 102.7057 103.2654 104.8229 
101.9623 102.0633 102.572 103.6176 103.7069 104.1315 
104.7374 103.8528 103.2383 105.1873 103.1703 105.5832 
98.5442 102.5043 102.2431 102.2684 104.1285 103.5179 
102.5538 103.5105 104.8471 104.4779 103.5636 105.1442 
101.5627 101.3489 103.9797 102.5638 103.0764 104.8478 
100.8507 102.5419 102.8028 103.5315 103.5672 104.7229 
104.0621 103.6899 103.576 104.9202 103.7218 105.0338 
97.3212 101.8644 102.0197 102.6852 103.739 103.9437 
101.4511 101.3057 103.1162 102.4162 102.587 103.8303 
98.7901 100.3621 103.0218 101.9632 102.6819 104.3287 
101.0865 102.1208 102.5294 102.7479 102.8188 104.396 
101.8898 101.5524 102.4333 103.5082 102.7852 103.9362 
102.0487 102.7721 103.2234 104.1739 104.3604 104.8816 
104.0303 103.3257 104.5713 104.1511 103.2406 103.7101 
99.7775 102.3115 104.3404 102.8343 104.2867 105.4661 
100.9581 102.332 102.8573 103.3835 102.6413 105.062 
106.3579 102.3508 103.014 104.025 104.5065 104.6381 
102.5444 102.3362 103.6001 104.5174 103.853 105.2456 
102.6905 103.4898 103.6599 103.8694 103.6543 103.6921 
100.85 101.427 103.4816 101.8654 103.576 104.784 
102.4561 102.3461 101.6044 102.5157 102.325 104.9724 
106.4843 101.8706 102.7435 103.7404 104.3265 104.0337 
99.0918 101.2289 101.6045 103.3589 102.3119 104.0723 
103.9132 103.9036 104.2072 103.9551 104.1127 103.9839 
102.0919 102.1737 103.4315 102.7818 103.1277 104.7976 
107.2991 103.2088 104.2786 103.6462 103.2918 105.6369 
105.4993 102.2008 102.4139 102.9527 103.9267 103.5099 
101.4183 103.3601 103.3571 105.0544 103.3038 105.3151 
101.6721 103.3141 103.329 103.5606 103.8105 104.5732 
98.6809 102.626 104.3896 103.0879 103.6554 104.4488 
106.4209 102.3229 104.2918 103.3293 102.8294 105.3867 
105.1422 102.752 103.4183 103.9691 105.576 104.6673 
102.3705 102.6876 103.4648 104.6905 102.3706 105.0005 
101.2274 103.2477 103.1927 103.6906 104.1294 104.8557 
99.5257 103.0314 104.3111 103.1032 103.2827 104.2091 
102.3357 102.8048 105.0445 104.1433 103.6711 105.5012 
103.3874 102.1549 102.1439 103.191 105.2107 104.6359 
103.4743 102.7898 102.898 104.4714 102.4198 104.6487 
103.1999 103.6884 103.6828 103.8318 104.4878 105.0019 
99.9358 102.2093 102.7803 102.1089 102.6087 103.8311 
103.6315 102.098 104.9479 102.9433 103.0061 105.0437 
105.4043 101.3311 101.9692 103.3384 103.6611 103.8977 
103.2009 103.434 103.8795 105.4079 103.8188 105.9223 
100.2447 101.8356 102.4067 102.532 104.058 103.9824 
105.2431 104.3105 105.4994 104.7726 104.4357 105.0258 
106.8469 101.2305 103.7205 102.5794 103.1672 105.1536 
101.4321 101.3252 102.1606 103.1431 102.9977 104.2806 
102.8488 101.2942 101.3559 103.6995 102.3629 104.2568 
102.3019 103.7078 103.2726 103.3899 104.85 104.3928 
104.5555 103.5894 104.9171 104.1582 103.3435 104.6268 
103.6412 101.94 104.3561 103.1118 103.0227 104.4933 
107.1226 103.1792 102.7087 103.3606 103.8872 105.1583 
104.4431 102.2665 102.5265 104.185 103.6015 104.5675 
100.3724 101.2055 101.8109 102.9857 103.4903 104.2111 
106.3445 103.1489 104.033 104.0864 103.2055 104.2131 
103.0764 102.7837 104.0615 102.5233 103.7483 105.1294 
102.7172 103.1753 103.0424 103.5447 103.1403 105.192 
107.2886 102.3609 102.1504 103.7218 103.4757 104.2082 
100.0007 103.296 103.0346 103.9244 103.9728 104.8363 
100.113 103.4753 104.319 104.0501 103.7121 103.8013 
98.2347 102.7309 104.754 102.9796 104.1504 105.4636 
102.3039 102.9339 102.9084 103.6839 102.6451 104.7969 
107.0802 103.1537 103.578 104.401 104.7457 104.7363 
102.4727 103.9433 103.787 104.8321 104.0062 105.1378 
101.5573 100.741 102.2451 102.6965 103.1445 103.2752 
97.2113 100.3847 102.8944 102.1175 102.8648 104.4893 
107.0796 104.7466 103.5817 103.82 103.6453 106.0039 
103.2324 100.5241 101.8073 102.646 103.8295 103.6155 
102.5821 103.0345 103.2597 104.6249 102.6616 104.6912 
101.3588 102.1282 102.6326 102.3143 103.0478 103.9845 
98.8232 101.0436 103.5783 102.5253 103.7347 104.261 
100.2443 101.173 102.3449 102.1777 101.5747 104.5416 
105.8124 103.3733 103.7745 104.0464 105.3492 104.5336 
101.3586 102.5902 103.7384 105.4606 103.0135 105.2539 
102.1708 103.7978 102.9644 103.3715 103.8472 104.8046 
101.8963 101.4677 103.794 102.6237 102.6385 104.3768 
104.4433 101.9579 103.5603 103.0674 103.1436 104.6191 
105.5253 101.949 101.9456 103.2284 104.8312 104.2643 
102.54 103.1484 103.0909 104.6802 102.8169 105.0381 
103.4245 103.2626 103.5172 103.9735 104.6676 105.0281 
101.4355 102.2386 103.3783 102.4567 102.6865 104.0667 
102.2345 101.9873 103.3067 102.837 102.5088 104.7267 
103.2766 101.3282 102.0957 103.0207 103.9889 103.5606 
100.7941 102.5263 102.6899 104.2587 102.546 104.8394 
103.803 100.9669 101.5361 102.6692 103.7645 103.8335 
98.4436 102.602 104.6601 103.6824 103.5174 104.7182 
104.2187 101.1862 103.9719 102.7458 103.1329 104.774 
102.398 103.1299 102.3778 103.8206 103.1966 104.2924 
102.2967 102.4051 102.0963 104.3616 102.702 104.7836 
99.1516 102.1251 102.0853 102.6586 103.8495 103.8671 
105.4122 102.8422 104.3465 103.9016 103.3406 104.4886 
103.4626 100.6751 104.2517 102.9585 103.5138 105.1271 
99.3139 102.8385 103.0131 103.7001 103.7256 104.8577 
104.1364 103.1807 102.9028 104.1774 103.1751 104.3686 
102.4732 102.915 103.2717 103.8309 104.6138 104.8237 
106.3576 103.0523 104.6251 104.1835 103.8409 104.4314 
100.3744 101.1475 103.9381 102.4983 103.0808 104.8385 
103.0155 102.8266 102.5956 103.1822 102.9508 104.672 
100.0533 102.6569 102.993 103.979 103.8276 104.3153 
97.8885 101.4363 102.1452 103.3942 103.4672 104.267 
100.4054 101.7921 102.8287 102.7117 102.1808 102.8541 
102.0738 102.3768 104.2506 102.4308 104.0164 105.3349 
103.9475 102.349 102.3119 103.0805 102.4924 104.8349 
104.8634 103.0422 103.2814 104.0391 104.3594 104.5554 
99.982 102.832 103.2866 104.5904 103.6414 104.791 
103.1152 103.7629 103.7196 103.8837 103.4547 103.9158 
104.4419 102.0168 105.0762 103.6917 104.4784 105.5275 
103.4927 101.102 101.2136 102.1141 101.9539 104.8265 
103.8211 101.8591 102.6111 103.4526 104.2918 103.9619 
104.0198 104.0877 103.3903 105.1082 103.347 105.0476 
101.8794 102.7343 103.3592 103.3589 103.623 103.9962 
103.8112 102.1742 104.7188 103.2729 103.9743 104.9948 
105.093 102.815 104.5258 103.7993 103.2582 105.9421 
105.67 102.6433 102.6584 103.421 104.711 103.8895 
105.9727 103.5631 104.3737 105.7458 103.3221 105.3856 
103.4122 105.068 104.5475 104.5816 104.551 105.447 
98.7679 102.2235 103.6872 102.4341 102.5099 103.7395 
106.3619 102.3296 104.1758 103.3345 103.1777 105.1997 
103.0229 101.7326 100.4995 102.0116 103.7606 103.0836 
102.2283 103.4183 103.6657 105.1512 105.5904 104.8993 
101.4196 103.9014 103.7175 104.0843 105.1867 105.4133 
99.168 101.5023 103.0033 102.0446 103.7087 103.7692 
103.8224 100.2812 103.1196 102.4531 103.2306 104.537 
98.3911 100.9561 101.8755 102.6474 102.6144 103.7593 
107.0841 104.7886 104.1297 105.9401 105.9403 105.4322 
102.8112 102.2204 102.8502 103.2205 104.4358 104.6123 
102.8601 103.1132 103.5353 103.1914 104.3533 104.7356 
101.9901 100.9166 103.9685 102.5934 103.4463 104.7176 
100.1909 101.2878 101.8465 102.9481 103.4793 103.7574 
103.4784 101.6493 101.2796 103.5852 103.0913 104.2643 
103.8311 104.9482 104.6001 104.3593 106.1055 104.9467 
103.3849 103.6285 105.0024 104.3428 105.025 105.1551 
104.2018 101.7814 104.4629 103.3241 104.1441 104.8969 
102.3408 103.2305 103.5468 104.4269 104.6975 105.3193 
107.0496 102.1879 101.7694 103.7801 103.3857 104.2486 
96.974 101.0205 101.6639 102.3283 104.3616 103.9074 
101.3418 103.9671 105.4289 104.6183 105.1065 104.8865 
103.8311 100.942 103.4732 102.9042 103.9044 104.8299 
100.9809 102.0024 102.3834 103.0077 103.3567 104.223 
106.2817 103.7178 103.3149 104.4912 104.2981 104.9277 
99.9432 100.9683 101.3556 102.8879 104.2118 104.2301 
101.0328 102.4812 103.9771 103.6358 104.0434 103.5599 
102.3123 102.7621 105.1533 103.4643 104.8136 105.6251 
106.6352 104.3743 103.5789 104.1247 104.3652 105.5922 
108.6803 102.0605 102.6358 103.8541 104.0374 104.4024 
102.6239 104.18 104.4528 105.1929 105.8243 105.7082 
100.296 101.6742 103.0686 102.4986 103.7238 103.0182 
99.6742 100.9512 103.5367 102.1403 103.5943 104.3905 
102.1915 103.1949 102.9048 103.6267 103.7237 105.5055 
106.8421 101.1641 102.4796 103.3015 103.0083 103.4897 
98.731 101.3493 101.9732 103.5311 104.3754 104.1902 
105.8418 102.6274 103.1566 103.2452 105.093 103.8047 
99.8962 102.2085 104.2699 103.4532 104.6569 104.99 
104.7221 100.0382 102.3419 102.4577 102.879 104.9937 
108.3875 101.9064 102.7911 103.1898 103.3044 103.9387 
102.5748 103.2381 103.4795 104.7074 104.8762 104.6167 
101.6187 101.9982 102.7601 102.8951 104.707 104.6089 
101.089 103.1342 104.2259 103.4638 105.1973 104.5997 
106.6395 101.6288 103.4146 103.3228 102.4117 105.1764 
104.4832 102.2752 102.4509 103.1302 103.2996 103.652 
104.0469 102.9988 103.7098 105.1492 105.9638 105.1165 
100.7075 101.6054 101.6442 102.5775 103.7243 104.3664 
98.1375 100.9857 103.0748 102.3331 103.7133 103.5012 
101.4388 101.0266 102.474 102.6837 103.0334 104.6605 
103.8352 102.3511 103.0113 103.7689 103.5794 104.6655 
101.6396 101.8557 102.0948 103.9807 104.6284 104.2814 
100.7919 101.8879 102.0537 102.563 103.7909 104.2335 
98.2992 102.2148 103.5988 102.7239 104.1138 103.9907 
103.7581 101.2187 104.065 102.8668 103.5752 104.9937 
102.4068 102.7852 102.1581 103.5425 103.6821 104.015 
100.8854 103.1455 103.1039 104.7203 104.6789 105.2844 
98.6217 102.2818 102.8175 102.7421 104.5321 104.2512 
100.1488 102.1579 103.8363 103.3941 104.5512 104.0837 
102.6233 101.6504 104.6311 103.3126 103.8759 105.1219 
101.4321 102.5431 102.8067 103.8124 103.9838 104.6725 
105.4457 104.241 102.7527 104.9718 104.2411 105.3477 
102.3292 102.7115 103.3295 103.2276 105.3759 104.457 
103.2474 104.0713 105.4966 104.4799 104.9008 104.8204 
100.5046 100.6625 103.3954 102.8189 104.0407 104.3984 
105.4064 103.2341 102.8153 103.6312 103.8471 105.227 
104.3301 101.8156 102.1846 103.7144 103.6656 104.0654 
100.6046 103.9775 103.2014 103.9387 105.7245 105.2808 
103.3445 102.8954 102.8305 103.0874 103.849 103.8396 
103.2416 102.962 105.0374 103.818 104.8844 105.5109 
104.8042 100.9695 102.105 102.6339 102.9084 104.2951 
104.8408 102.6665 103.0862 104.3302 104.0472 104.4586 
105.028 103.5706 103.9128 104.2149 105.4393 105.4343 
101.5571 102.36 102.3546 102.5896 103.8403 103.1448 
99.2385 101.2669 104.3829 102.9526 104.2551 105.5176 
103.907 103.3072 103.1499 104.0064 103.9761 105.1973 
102.2436 101.2112 102.3503 103.2497 103.6788 104.1555 
99.8919 101.9081 102.5579 103.5267 104.1768 104.2986 
99.0896 103.3193 102.7247 103.3651 105.0021 103.9455 
98.7684 101.1591 104.099 102.9233 104.3988 104.722 
104.7113 102.6995 103.4392 103.6229 103.6443 105.6937 
108.9398 102.9346 103.8929 104.123 104.0364 104.5966 
105.7088 103.6649 103.8492 105.3792 105.6228 105.0001 
98.716 102.6576 103.2545 103.2129 104.8978 104.4836 
101.2114 102.7846 104.0983 102.998 104.869 104.6225 
105.117 102.1203 103.5844 103.2192 102.9797 105.4153 
104.2888 103.2287 102.9984 103.6606 104.0619 104.3971 
102.2691 102.3462 102.9529 104.7625 104.8241 104.7105 
98.3279 104.7175 102.9039 103.461 105.0212 105.0329 
97.6529 102.3885 104.288 103.2011 104.6817 104.6323 
101.6148 98.3596 101.8424 101.9354 102.0098 103.8705 
102.5042 101.6227 101.844 103.0489 103.4217 104.172 
102.3475 102.9064 103.4091 104.2894 104.9211 104.6807 
104.1468 101.7006 102.3763 103.0827 104.3559 104.5822 
101.6542 103.1086 104.6225 103.0558 104.6944 104.3918 
101.7606 101.3902 103.7186 102.8338 103.1711 104.5993 
102.3263 101.344 101.9298 103.2058 103.4261 103.895 
104.0432 102.772 102.0415 104.1909 104.3679 104.8888 
102.8527 103.5152 103.5471 103.7415 105.0189 104.649 
99.9809 101.3342 103.0773 102.1956 103.5226 103.794 
104.1057 100.445 103.8536 101.8453 102.5719 104.005 
102.6464 102.8862 103.0893 103.9168 103.9831 104.1767 
105.6588 104.1146 102.8942 105.0316 104.4678 105.4251 
102.1193 103.6895 103.9902 103.8686 105.568 104.8159 
103.024 104.5433 105.5959 104.7389 105.3757 105.0366 
105.8843 101.5035 104.2704 103.4033 104.4791 105.0401 
103.2586 102.5497 102.096 103.0549 103.3266 104.2479 
107.1836 103.4759 103.173 104.5248 104.0768 104.7742 
98.3623 101.2745 102.1327 102.5646 104.7498 103.9859 
98.6747 102.8827 104.0609 103.7485 103.9052 103.7524 
100.7238 101.5431 104.7549 103.3937 104.7437 105.4238 
101.2683 101.7416 101.9844 102.8438 103.0637 104.3125 
99.421 100.2331 101.7215 102.8599 103.26 103.7776 
104.911 104.9688 103.7083 104.9464 105.6339 105.6415 
100.1531 102.0612 102.9286 102.8405 103.9634 103.0506 
97.0991 100.4969 103.2321 101.7573 103.6346 104.659 
102.9363 103.1207 102.8215 103.8288 103.9041 105.3232 
103.4614 100.6671 101.6665 102.8851 102.9246 103.7 
100.4209 101.5525 102.4232 103.2869 104.1534 104.2665 
103.8371 102.6649 103.6396 103.4294 104.7058 103.8598 
97.4124 99.2874 103.5641 102.1014 103.8331 104.3536 
100.4757 102.885 102.5409 103.3443 103.1781 105.486 
101.0677 98.7302 100.9878 101.7242 102.3094 102.8473 
98.536 101.3609 102.018 103.9679 104.8381 104.2298 
103.5771 104.7206 104.8742 104.4119 106.1148 105.0034 
102.7708 103.4155 105.3394 103.8384 105.0013 105.0944 
99.352 100.2684 102.1638 102.4691 102.1299 104.5983 
105.5261 102.6064 102.5826 103.1904 103.3346 103.9957 
103.125 103.5884 104.0491 105.6288 105.8579 105.486 
98.3722 103.7469 103.0018 103.4137 104.7891 104.6123 
102.2608 103.1257 104.6134 103.6521 105.3518 104.7145 
103.778 101.0878 103.3658 102.9984 102.444 105.1308 
100.8935 100.4087 100.8688 102.3364 102.623 103.2119 
99.574 102.2281 102.448 104.3594 104.9939 104.4155 
101.4526 104.5961 104.315 104.6971 105.7076 105.9759 
99.8118 102.1471 102.9711 101.9162 103.288 103.1824 
100.6425 101.789 103.1113 102.9726 103.5484 104.7102 
103.4488 102.3254 102.9532 103.09 103.3844 104.4473 
104.243 103.1154 102.5924 104.8422 105.1665 104.8145 
99.511 102.2454 102.184 102.3342 103.8002 103.996 
98.1926 102.7707 103.6877 103.2769 104.1639 104.4655 
97.5171 100.7935 103.9122 102.5636 103.3179 104.448 
105.2789 103.17 102.8449 103.7747 104.0181 104.2217 
104.0699 101.8436 101.9129 104.4264 104.0779 105.0333 
101.7953 102.7833 103.0801 102.6688 104.9333 104.0246 
101.5209 103.0323 104.6904 104.2474 104.7997 104.9769 
102.1257 102.0463 104.47 103.5913 104.443 105.1981 
103.7966 102.2984 102.8518 103.254 103.8108 104.5674 
99.3997 104.1545 103.0978 104.7002 104.1136 104.8422 
101.3801 102.8484 102.805 103.2909 105.3711 104.8074 
95.5513 102.9762 104.5991 103.6376 104.2745 104.1394 
99.0007 100.0289 102.43 101.5791 103.077 104.088 
101.6152 101.2697 102.1481 102.9478 103.4367 104.378 
101.7051 103.8145 103.529 104.4215 104.2285 104.794 
105.2182 103.981 103.66 104.616 105.8266 105.5606 
101.498 104.1963 105.3464 104.7868 105.11 104.3649 
101.8104 100.9279 102.9991 101.9113 103.6248 104.6261 
100.4043 102.0907 102.2763 102.9363 103.202 104.5322 
103.1402 101.9358 103.0731 103.7208 104.0976 104.4251 
101.9509 102.4833 103.1948 104.215 105.0567 105.0983 
97.795 102.3328 102.2847 102.4329 103.5537 102.8038 
98.8423 101.0036 104.7614 102.9071 104.3148 105.0391 
100.8658 100.3804 101.1635 102.544 102.7032 104.5884 
100.9555 101.2339 101.4352 102.7652 102.6376 103.1064 
99.3528 102.8773 102.7532 104.1441 104.7894 104.5456 
100.5094 103.8714 104.018 103.6173 105.3291 103.9524 
101.7176 102.0903 104.0997 103.0792 104.3026 104.813 
105.2756 103.047 103.6259 103.4997 103.6814 105.6388 
101.6448 102.0499 102.5956 102.9977 103.3718 103.89 
100.5743 101.3418 102.382 104.0906 104.5315 104.4494 
94.9924 102.4004 103.0197 102.9564 104.2416 103.9996 
100.7772 101.5618 103.4353 102.5699 104.4082 104.0644 
103.2572 101.2875 102.7381 102.9527 102.2663 105.0854 
105.4527 104.1125 103.7951 104.394 104.4921 104.9011 
99.4161 102.5147 103.2416 104.7059 105.452 104.7798 
98.5403 103.0052 102.5398 102.8392 104.1493 104.6073 
99.4373 102.4478 103.6444 102.8209 104.2508 104.0127 
105.5451 102.3714 103.5428 103.2084 103.687 105.1604 
100.2779 103.326 102.7622 103.8199 103.5097 104.5487 
102.1414 102.2699 100.9028 103.384 104.2926 104.0271 
101.511 102.541 103.5036 103.4867 104.7092 104.866 
100.2985 101.9034 103.5815 102.4667 103.8675 103.9077 
102.7413 99.8945 103.5435 102.5216 103.2427 104.4965 
99.9631 100.3798 101.2798 102.4358 102.8766 103.3321 
100.7466 102.8806 101.1752 103.7004 103.8821 104.7601 
99.8159 103.7858 103.7184 103.2745 104.879 104.5133 
98.8826 102.4123 103.9725 103.5366 104.7346 104.093 
102.8061 101.2406 103.6714 102.6574 103.3823 104.8543 
100.9492 101.8917 102.707 103.5622 103.6921 104.5997 
99.398 101.1537 100.2998 102.8348 102.8286 103.9447 
99.7316 102.3318 102.6009 102.7262 105.0149 104.1944 
98.9784 100.4981 103.3891 102.6395 103.4923 103.5792 
99.6006 101.5015 102.8459 102.8117 104.2518 104.6448 
101.5505 102.807 102.9806 103.5267 103.5868 104.9133 
97.0759 102.0443 101.8799 103.4377 103.3363 103.7296 
100.3046 102.5702 102.9986 103.5212 105.3477 104.7586 
99.4805 102.3746 103.6001 103.3592 103.8608 103.666 
100.532 102.3576 103.9637 102.4994 103.9849 104.6929 
101.4994 101.1697 102.0541 102.7875 103.2426 104.6091 
101.5053 104.8255 103.4957 104.5846 104.2847 104.5407 
99.4693 102.2521 102.829 103.6183 104.8876 104.8812 
100.622 102.9799 104.2121 103.898 104.761 103.8255 
101.2039 101.8068 103.9755 102.6623 104.2021 105.3608 
98.1994 103.169 102.2313 103.5792 103.5776 104.7831 
102.6154 105.5059 104.8328 105.0726 104.9262 105.1596 
102.5792 102.2512 103.0192 104.0686 104.7742 104.8022 
102.5828 103.9098 104.2218 104.217 105.5775 104.2121 
104.3976 101.4034 103.5175 102.7847 104.3786 104.9159 
102.4774 102.8956 102.8156 103.426 103.6606 105.6524 
99.0032 101.7083 101.7546 101.8381 101.8823 102.4609 
101.5334 104.2157 103.5358 105.1597 105.3761 104.7518 
100.679 101.9632 103.3537 103.3594 104.9969 104.723 
100.3257 102.2031 104.5241 103.5065 105.0776 104.7241 
101.4439 101.7448 102.1361 102.1514 102.0324 104.3453 
102.2823 102.0233 102.1314 102.6094 103.1144 103.585 
102.6679 103.8486 103.2767 105.251 104.9966 104.7544 
99.676 104.2694 104.2912 104.4126 105.7986 105.6087 
99.4479 101.6589 103.7911 102.6273 104.0283 104.1385 
101.2388 103.5706 103.7412 103.3567 103.1017 104.838 
100.0131 102.3269 102.7294 103.9563 104.1397 104.7778 
99.2381 103.1433 102.4437 104.4756 104.9897 104.7606 
98.9565 102.764 103.3498 103.8476 104.7553 105.018 
101.594 103.3325 104.9754 103.6871 104.9527 104.4627 
102.3536 102.4614 103.9297 103.1557 103.6057 104.9706 
101.9929 102.1297 102.7006 103.6749 103.8416 104.3254 
103.9577 103.894 102.9859 104.8029 104.975 105.3608 
100.5678 102.7339 102.4254 102.9167 104.4446 104.2428 
101.3837 103.8079 105.2281 104.2846 105.0605 105.2294 
103.0099 102.2525 103.6728 102.6869 103.5247 104.7626 
103.5907 102.2133 102.7074 103.6441 103.9984 104.3448 
102.882 102.8667 101.9424 104.1583 103.7432 104.8963 
98.1344 102.3828 102.3265 102.5436 104.5542 104.0601 
100.8688 102.6096 104.8141 104.0963 104.8681 104.63 
104.4264 104.3397 105.3079 103.9566 104.9859 105.5167 
102.4158 102.978 103.3531 103.9145 104.3117 105.1845 
100.9189 103.5671 102.7052 104.0709 103.6077 104.377 
105.5682 103.1314 103.2035 103.5864 105.7508 105.0274 
100.1449 102.2263 104.2019 103.9472 104.3163 104.1093 
99.2859 103.3774 104.3807 103.3415 104.6194 105.3076 
103.9844 101.7147 102.5662 103.46 103.5907 104.5958 
102.0477 104.1347 103.1596 104.2264 104.5106 103.5403 
103.3277 101.537 102.4562 103.7625 104.9205 105.1533 
102.8134 103.1868 104.1798 103.9005 105.0499 104.3516 
98.0234 100.3457 102.5429 101.4154 103.4046 103.6679 
98.0507 99.6105 100.6771 102.0031 102.3958 102.9799 
102.7924 105.1608 103.8937 104.6401 104.649 104.0417 
102.0438 103.1858 104.1436 104.9316 105.3242 105.7732 
99.7234 101.7332 102.5872 102.7001 104.5816 103.4414 
99.5652 101.2641 103.4644 102.2584 103.837 103.4767 
100.4558 102.6469 102.0224 103.1883 102.746 104.0564 
102.2764 102.6694 103.0909 103.6672 104.0544 103.8197 
101.0633 103.3159 103.0255 104.7342 105.2691 105.2663 
101.6299 102.9191 104.2209 104.2593 106.0024 104.3823 
98.7199 100.9545 102.8451 101.544 103.2948 103.2578 
103.0948 103.5533 103.7247 103.7875 103.4157 104.2789 
100.9218 102.4089 102.3926 103.2899 103.0942 103.8887 
98.0406 102.1469 102.4588 103.4037 104.5255 103.6764 
97.7293 103.2178 103.7636 104.9151 105.5275 104.6741 
101.9887 102.2614 104.6093 103.2014 105.3069 104.0747 
100.7705 101.8159 102.5722 102.8516 101.5661 103.4094 
104.8649 101.636 101.8073 103.1357 103.7348 104.5747 
101.3454 103.0581 102.6541 104.0533 104.8354 103.8302 
98.8458 103.1047 103.3444 104.2402 105.1272 104.3779 
101.7162 103.2115 104.3147 103.6545 104.4949 104.1016 
101.9207 100.9428 102.6273 101.8959 102.93 102.9997 
101.027 101.4544 102.7157 103.511 103.4453 105.2247 
102.5971 104.4933 103.0156 104.6558 105.0972 103.8055 
97.9737 102.3028 103.2466 104.2812 104.7751 104.517 
101.333 102.5129 104.5445 104.0506 104.7819 103.9356 
98.4674 101.1178 103.1341 102.739 103.2658 104.0082 
106.564 102.2621 102.7802 103.4074 104.4018 105.7918 
100.3494 105.1976 103.3583 105.1205 104.6919 103.9955 
102.7854 103.5612 104.0304 104.9622 105.9543 105.3502 
101.0868 101.279 103.9046 103.4987 104.5068 103.2084 
104.7126 103.0393 104.0925 103.3736 103.9205 104.4919 
101.7096 100.9226 101.8915 102.5151 103.6495 104.9795 
97.5748 102.2909 101.7766 103.4026 103.3038 102.5307 
104.1354 102.4848 102.0843 103.3698 104.8756 104.3948 
98.1457 102.8696 105.066 104.297 104.9238 104.4309 
98.8715 101.3772 103.6273 102.9534 103.8777 104.2004 
101.3133 101.7991 101.9869 103.1308 103.7554 104.6389 
99.2449 102.5941 102.0632 103.4746 103.4807 102.545 
102.6909 101.7803 102.5859 103.9844 105.0358 104.9753 
99.4608 100.6947 102.7669 103.1215 103.827 103.4282 
99.7098 103.2497 104.6188 103.3189 104.6053 104.5426 
101.4279 101.2226 102.0722 103.4381 103.4889 104.2505 
101.0035 103.7764 102.7323 103.5235 103.7079 102.9775 
103.1931 101.9525 102.8679 104.3441 104.833 105.2715 
101.7329 102.1989 103.5109 103.8852 105.0365 103.9493 
98.9547 101.4797 103.9262 102.8699 104.2393 104.06 
100.5838 103.4284 103.4778 103.9432 103.6825 104.4537 
103.0561 101.8457 103.9821 102.3796 103.0827 103.3113 
100.5292 101.7655 101.3578 103.4346 104.0727 104.3594 
97.8504 102.07 103.2764 104.2478 105.6954 104.4877 
104.3778 102.264 102.8198 102.9321 104.5155 104.0397 
100.9433 102.6387 102.3527 102.9985 103.1526 104.3614 
100.1747 102.5574 105.0303 104.2843 103.9006 104.2124 
103.4091 103.645 103.1434 104.0295 104.7346 104.2707 
100.5731 103.2638 103.5206 105.0634 105.7474 104.9193 
102.4337 102.6803 102.442 102.428 104.9309 104.247 
105.6889 102.7209 102.9312 103.4489 102.4399 103.8296 
97.0801 101.2793 103.5045 102.4773 102.9046 103.8082 
104.8179 103.6928 103.5256 104.648 105.7896 104.2864 
101.167 102.6125 102.7661 104.1877 104.8068 104.6319 
101.5901 103.7341 103.3798 104.2526 105.1647 104.7008 
105.8495 104.1487 103.136 103.7507 104.0732 104.1754 
101.2021 102.4633 104.2635 103.7342 103.6614 105.4797 
97.1998 103.036 103.0962 103.789 104.5727 103.4783 
100.1266 103.0362 103.1258 104.7689 105.0413 104.598 
100.1656 101.1891 101.973 102.909 104.0219 103.0301 
100.155 100.7366 102.8835 102.493 103.2553 103.8206 
101.7544 102.0002 103.3764 103.209 103.9436 105.477 
103.6882 104.4269 104.9301 104.4992 104.685 103.8908 
100.2898 103.0443 102.3782 104.6123 105.0929 104.8429 
101.8466 102.2564 102.292 102.9875 104.8681 103.7059 
100.2453 102.8571 103.7577 103.7969 103.9151 104.3785 
102.2604 101.2833 103.2392 102.916 103.7035 105.0555 
101.6769 104.0561 104.7357 104.3006 103.9243 103.1905 
105.1148 102.5825 101.626 103.5853 104.9377 104.7344 
98.4411 100.76 102.3195 102.9558 103.6096 103.0605 
102.9825 100.6176 100.8625 102.1912 103.7113 103.7219 
104.1114 103.8282 104.4694 104.1907 104.5777 105.6696 
98.4865 103.8116 105.0746 104.7357 104.4549 103.283 
102.1257 103.0908 102.5385 103.8987 104.8775 104.7431 
100.2221 102.3019 102.9023 103.5265 104.2291 103.9961 
98.1439 102.289 102.1739 103.0694 104.3234 104.3242 
100.864 102.3317 103.2682 103.1497 103.2575 103.9018 
105.2121 104.6666 105.0841 104.7319 104.5395 103.9658 
100.4731 103.8652 103.4052 104.8025 105.7337 105.8114 
100.4096 100.7081 102.3082 103.2186 103.9884 103.3831 
100.1114 102.0718 102.4109 102.8478 104.3669 104.3356 
101.7304 102.8578 103.5775 104.0054 103.694 104.1781 
102.6017 104.5569 105.836 104.3461 104.7869 104.3671 
100.2705 103.6458 102.8863 104.995 104.9145 105.3024 
101.0853 103.9121 104.2622 104.8118 106.1577 104.7248 
102.9734 104.076 103.8266 104.0526 105.4362 104.8441 
104.9712 102.0207 102.5485 103.3619 103.2104 104.2967 
103.4945 100.3459 103.3139 103.1939 102.9052 103.2501 
102.9647 104.7652 104.3766 105.0258 105.6656 105.5172 
100.8368 102.208 103.2085 104.2412 105.1934 104.0439 
100.0677 103.0428 103.5323 103.4079 105.1828 104.5468 
104.8228 102.7186 102.4092 103.1598 102.7901 103.7244 
98.8636 100.0052 103.2086 102.3838 102.958 104.0701 
101.2801 103.7509 103.9783 104.4854 105.1403 103.8605 
101.9187 103.3019 104.4245 105.4033 106.2353 105.4773 
102.8858 102.2239 101.9598 102.6353 104.2978 103.6176 
101.9453 102.161 102.3775 102.8547 102.7838 103.8881 
101.1082 102.8335 104.1371 103.3317 103.8867 104.92 
101.8018 102.5608 103.5202 104.3256 105.0059 104.111 
104.9353 103.8661 103.9863 105.3811 105.7861 105.1526 
99.0667 103.3289 103.5508 104.6415 105.4918 104.437 
98.9719 102.5441 103.69 103.0172 103.482 104.0699 
105.1287 100.2358 102.2395 102.4036 103.1598 104.9018 
99.2671 101.8165 103.5899 103.2156 103.6913 102.693 
99.154 102.1428 101.8649 104.617 104.966 104.7954 
101.4905 101.4054 102.2117 102.5424 104.1524 103.1123 
103.6629 102.1572 103.0684 102.6057 103.2443 103.9238 
104.1637 101.8048 103.0942 102.9409 104.0808 105.2213 
96.2071 102.4726 102.9814 103.1936 102.8389 102.5204 
100.9508 104.0102 103.0707 104.5884 105.6517 105.313 
100.9284 102.8991 103.6688 104.0899 105.1985 103.9507 
103.526 102.8027 103.0797 103.5525 104.4695 104.4672 
101.9889 100.3249 102.6572 102.3372 103.2417 104.4202 
98.4618 102.8847 104.2515 103.7391 103.5623 102.7711 
101.1781 102.4863 102.3983 104.1735 105.557 105.0237 
101.5827 102.326 102.9733 103.2208 104.0726 103.7052 
97.2364 103.279 102.1667 103.4115 104.2692 104.3659 
105.0967 102.8862 103.7188 103.3029 103.7415 104.5086 
97.2316 102.3082 104.0744 103.4024 103.5388 102.6345 
100.4695 102.1413 102.1013 103.6608 104.5646 104.8595 
99.3671 102.9137 103.3491 104.2659 104.8151 104.1677 
101.7035 103.0811 102.4452 102.7382 104.6014 104.6877 
103.7199 104.2243 104.3176 104.7823 104.252 104.6096 
100.7091 101.1802 103.1404 102.0925 102.833 102.5235 
103.0754 103.301 102.8828 104.7909 104.7826 105.293 
101.8529 101.7372 102.7777 103.8049 105.0294 103.8271 
97.5806 101.8733 102.3389 102.8973 104.2388 103.9673 
100.6676 101.3537 102.5055 102.8641 102.7422 104.0775 
103.1018 102.7888 104.9162 103.4718 103.6272 103.3523 
102.9263 102.5612 102.7827 104.0073 104.858 104.5048 
98.4292 102.7189 103.0474 104.0763 105.6272 103.9753 
101.3756 102.5897 102.7873 103.11 104.6271 104.5727 
100.7135 101.7718 101.8455 102.5077 102.3325 103.3363 
99.7491 101.5818 103.883 103.2357 102.8291 103.8641 
101.3701 102.8532 102.6357 103.6077 104.5868 103.384 
100.5354 101.5821 102.5268 103.9952 104.8814 104.2636 
104.7024 104.4508 103.9853 104.2464 105.8171 104.7064 
104.2024 102.4853 103.8547 104.0291 102.9027 104.518 
104.6414 102.0869 104.179 103.5424 104.0856 104.8988 
102.7768 103.8469 103.2944 104.8356 105.2927 103.937 
103.1221 102.3413 102.9311 104.2187 105.1124 104.2696 
100.2385 103.9809 103.9703 104.7125 105.1055 104.6905 
102.8328 102.6715 103.6982 103.1881 103.8809 103.8372 
102.4843 101.0737 103.0527 102.4976 102.7717 104.6615 
100.1024 102.687 103.4065 103.7669 104.3751 102.8302 
96.8339 103.1132 102.5345 104.3949 104.7644 104.2489 
99.3492 102.1222 102.5226 103.3486 104.1262 103.4 
103.1614 101.2372 102.5821 102.1994 102.9908 103.7173 
104.7582 103.0117 104.4041 103.5013 104.4322 105.8097 
100.2323 103.9109 103.9931 103.8175 103.5877 102.6644 
99.2422 103.3572 102.6517 104.3605 105.6005 104.6897 
101.5544 99.7704 102.7297 103.2602 104.4505 103.4324 
102.3619 103.4985 103.0417 103.5613 104.2779 104.7284 
103.743 101.3519 103.4683 103.2738 104.1599 105.4166 
102.0745 103.2357 104.3738 103.9012 103.5845 102.8249 
103.4804 104.3917 103.7229 105.0652 106.0807 105.1122 
101.127 102.0609 103.3053 104.0401 104.8928 104.4443 
102.4071 103.7567 103.1626 103.9383 104.6043 104.8258 
103.2771 103.1198 103.941 104.0136 104.2782 104.8868 
101.8642 103.4819 105.2892 104.707 104.5413 103.624 
103.9332 103.0068 102.6885 104.0684 104.734 104.4472 
102.7257 102.5904 103.5365 104.0651 104.5099 103.9658 
104.0589 103.8036 102.9075 103.4376 104.8105 104.9496 
102.1335 102.7798 103.631 104.0048 103.9632 104.6355 
98.0144 103.5898 104.5533 103.6811 103.999 103.3497 
103.6117 101.3472 101.8113 103.5849 104.4955 104.644 
102.3115 102.017 102.844 103.5337 104.6792 103.6836 
101.5585 102.6361 102.9717 103.6368 104.6657 104.5472 
106.7277 103.9925 103.2411 104.173 104.0202 104.7804 
102.2703 102.3642 104.913 103.6654 104.0488 104.2151 
101.6959 103.5375 102.5653 104.4466 104.9939 104.6685 
100.8473 101.0905 103.0248 104.0029 105.3444 103.898 
100.1602 103.4891 103.446 103.6312 104.9681 104.4961 
101.5961 102.7397 102.8924 103.283 103.0091 104.1253 
106.2727 103.7545 105.7618 104.9504 104.4836 104.703 
98.6144 102.8945 103.2244 104.1511 104.966 104.0686 
101.2091 103.9218 104.5991 105.7997 106.46 105.2988 
102.2411 101.167 101.6767 101.4583 103.9394 103.6186 
99.9446 102.517 102.8039 103.2952 102.0629 103.4465 
102.7992 101.1733 103.5771 103.1327 103.5091 104.5843 
102.7779 103.891 103.5277 104.2563 105.6783 103.8662 
99.2259 102.8262 103.2906 104.5901 105.0806 104.4346 
101.9646 102.8397 102.767 103.528 104.755 104.4616 
103.7478 104.3053 104.1184 104.0866 104.28 104.3064 
103.7849 103.9925 105.2846 104.2059 104.5304 105.8547 
98.8951 103.6408 103.6653 103.8347 103.6344 103.1368 
97.2712 101.8413 102.6173 103.9756 104.5107 104.0276 
101.7091 103.012 102.9206 104.0441 103.9758 104.2088 
98.4167 101.8526 103.3887 102.7452 102.6064 103.9215 
105.1623 102.3513 103.4233 102.9769 104.2509 105.142 
99.9972 103.7256 103.6098 103.4219 103.5014 102.678 
103.0193 103.1708 102.8893 104.9326 105.0068 104.6878 
103.818 103.7917 104.138 104.6758 104.5844 104.673 
99.5411 101.3605 102.2079 102.5996 102.4323 103.6977 
103.3335 101.6615 103.5792 103.1938 104.6403 105.1907 
103.5604 103.5152 104.5044 104.434 103.9921 103.1341 
102.8828 101.9119 101.8727 103.7316 104.5491 104.4358 
103.4163 102.6614 104.2423 104.5741 104.8422 104.4611 
99.6678 100.6983 100.9861 101.8992 102.2948 103.3915 
102.0702 102.2122 103.2165 103.2033 103.8825 105.0442 
101.2325 103.9171 104.6804 104.4639 103.8132 103.0931 
99.2613 101.932 101.7868 103.3803 104.5431 104.5426 
104.4709 102.7025 104.3508 104.7575 104.9269 104.6718 
98.8501 102.3414 101.5008 102.3135 102.387 103.666 
102.0795 100.8434 102.6282 102.7698 104.3502 103.776 
100.8104 102.3042 103.8956 103.2098 102.622 103.0312 
101.0993 100.5636 101.6807 103.3985 104.6039 104.4984 
99.5777 100.812 101.7865 103.0501 103.1532 103.2815 
100.3164 102.9774 101.8192 102.5702 102.9695 104.4345 
99.7128 102.5213 102.7322 103.2533 104.2808 103.6215 
101.1967 104.2251 105.1528 103.9963 103.61 103.9704 
103.0574 104.4868 103.8883 105.6316 105.9051 105.2715 
99.1105 103.3316 103.6221 104.4024 104.2282 104.2485 
102.0676 103.6236 103.2706 103.5433 103.8273 104.7693 
102.4407 103.5196 103.4583 103.7133 104.3379 104.4093 
101.3975 103.1491 105.3244 104.8129 104.4553 104.4157 
102.4815 104.4626 103.5215 104.0224 104.6454 104.3797 
98.9324 102.6524 103.786 104.735 103.8873 104.0096 
101.7901 102.6375 103.0152 103.0619 103.6298 104.4669 
104.4017 102.418 102.1756 103.0013 103.6573 103.44 
101.1357 102.6033 104.4695 103.1665 104.0362 104.5313 
98.8857 102.973 102.3709 103.8936 103.6709 103.0438 
100.1032 102.32 103.1225 104.4533 104.8032 104.3552 
101.7827 103.781 103.6506 104.1334 103.899 104.695 
104.0912 103.3425 103.1101 103.2606 103.5963 104.0821 
103.0225 102.9001 104.5595 103.6504 104.7308 105.3945 
99.3081 103.8818 103.6266 104.4465 104.0466 103.8361 
104.4384 103.8068 103.2715 104.8584 105.264 104.5582 
96.5393 100.4567 101.4412 102.7198 102.5707 103.097 
100.4433 102.6422 103.4325 102.8873 103.117 103.8719 
103.6647 101.2101 103.7174 103.6997 104.5465 105.8439 
104.5131 105.7258 105.6387 105.3098 105.2319 103.9301 
100.0112 103.6246 102.5516 104.8687 104.7702 104.2873 
101.4371 103.0497 102.8187 103.6549 103.327 103.6114 
103.8517 103.3919 103.6257 103.6616 103.0538 104.4388 
104.7631 102.3118 103.6387 103.4769 104.7324 105.5268 
104.0872 103.6426 104.3658 104.5151 104.5996 103.3864 
103.3651 101.6041 102.0593 104.057 104.0314 104.0444 
99.044 102.069 102.3861 103.4399 103.617 103.3464 
103.4937 104.4789 103.8446 104.4585 103.4777 104.7754 
105.2541 102.2925 103.9057 104.0053 104.7816 105.508 
101.396 104.1615 105.1572 104.5109 104.3503 103.311 
99.7539 101.5827 101.6496 103.9972 104.4381 104.3972 
100.2343 102.45 103.2491 104.0254 104.2674 104.0406 
97.3495 101.1777 100.9351 102.7371 102.8051 104.1216 
104.878 102.1309 103.461 103.5381 104.4978 104.4197 
104.7005 105.3463 105.8939 105.1126 104.1593 104.1743 
102.9571 104.379 104.1063 105.2536 105.8688 105.0567 
99.387 102.051 102.8768 104.102 103.9167 103.6619 
104.3302 104.0264 103.0962 104.1247 103.7804 105.2841 
104.9361 103.4931 104.0325 104.5046 105.2987 104.4321 
102.842 103.9327 104.5569 103.294 102.8046 103.2996 
101.5779 103.511 103.143 105.1681 105.5806 104.7867 
101.0181 102.7607 103.7349 104.8054 103.8424 104.2685 
101.6712 102.3326 102.5719 103.7117 103.9226 104.3945 
103.8372 102.9982 102.7176 103.7111 104.0416 104.2767 
102.5813 100.1574 102.5338 101.494 102.3157 102.5298 
101.2698 103.3974 101.7518 103.9826 104.059 104.1643 
98.5087 103.273 104.1621 105.227 104.7036 104.297 
100.6737 101.3159 101.9324 102.4953 102.7093 103.6863 
98.8544 102.6509 102.2838 103.2548 103.8786 103.7747 
100.6236 103.0645 104.6489 103.9753 104.1234 104.7632 
98.0944 102.167 102.5517 103.9808 103.8479 103.3272 
101.3565 101.8036 102.8664 104.4511 104.3992 104.7358 
99.313 101.6097 102.6074 103.2564 103.2925 103.7599 
103.508 103.0739 103.1674 103.8096 103.9453 103.9152 
101.5147 102.2046 103.7645 103.2449 103.6461 104.5983 
102.6774 103.4107 103.3706 104.264 104.3197 103.6853 
102.1718 101.1307 102.9133 104.0829 104.5273 103.6919 
99.9646 102.2071 103.0987 104.2589 103.3539 104.3198 
99.3216 101.8538 102.3146 102.5665 102.8784 103.3609 
101.5676 102.9414 104.1299 103.7835 104.5904 105.6188 
100.1558 104.0537 104.0123 104.4847 104.3156 103.5825 
99.209 101.3671 101.1635 103.4728 103.9874 103.4736 
99.7498 101.3942 101.9509 103.413 103.2579 103.4077 
99.0645 100.806 102.7656 102.7409 102.0972 103.6183 
103.5861 102.0885 103.8265 103.3721 104.8517 105.6366 
105.0093 103.4935 103.4814 103.9884 104.2353 103.1822 
104.9956 104.0842 103.117 105.005 104.9556 104.7507 
97.5495 101.9473 103.1035 104.0468 103.8848 103.6225 
100.8185 102.7498 103.3516 103.701 102.7286 104.0922 
107.5914 104.4356 105.0981 104.7176 105.2331 106.1893 
97.6192 104.1808 104.1905 103.6682 104.0008 102.9615 
101.9034 104.1832 103.0488 104.7117 104.9027 104.5301 
102.25 103.0443 103.7912 104.4533 104.3893 104.4525 
101.9562 102.7744 102.5696 103.5669 103.5062 104.3159 
105.9038 103.2219 103.7442 103.8846 104.3341 104.9917 
98.9562 102.5396 103.4338 103.4437 103.4209 103.099 
103.35 102.2061 102.0896 103.8272 104.2544 104.0846 
100.1984 102.0202 103.868 105.0796 104.7691 104.3017 
98.952 101.6729 101.6192 102.5502 102.6308 103.976 
102.9944 102.7717 103.261 104.2838 104.9117 104.6879 
100.1945 103.3534 103.2106 102.5041 102.5013 102.8407 
100.0943 102.6766 103.2475 104.4947 105.0377 104.6489 
101.0338 101.1701 103.4433 104.257 103.9183 104.087 
101.9057 102.1049 103.2622 104.0768 103.7396 104.6548 
101.1271 103.7499 103.1598 104.2769 104.4984 104.1333 
102.3237 100.8353 103.8378 102.4214 103.1404 103.4866 
103.0208 102.713 102.6921 104.3055 104.5114 104.2205 
98.6274 102.5337 104.3069 105.244 104.5944 104.5745 
99.3391 100.8463 101.1353 101.909 102.1479 103.0902 
100.1184 101.6928 102.2759 103.3082 103.926 104.2682 
103.6125 102.7721 104.4889 103.9752 104.308 104.2468 
101.2746 101.9316 102.3541 103.3354 103.5245 103.3623 
100.8178 102.0472 103.4874 104.8945 104.3338 104.444 
97.3853 101.7889 102.1932 102.3756 102.8061 103.7585 
102.0117 102.2113 101.9384 102.9212 103.6288 103.1252 
105.38 103.2404 104.9061 104.2734 104.5067 105.4897 
99.986 102.886 103.7194 104.4199 104.1304 103.6917 
101.5638 102.4732 102.6369 104.1931 104.4732 103.9568 
101.295 101.7688 102.9644 103.7981 103.287 104.3809 
99.3025 102.9448 103.3236 103.6785 103.4038 103.6599 
106.2327 103.2747 104.0145 103.3985 104.9519 105.64 
101.8032 103.1324 103.4693 103.9972 103.794 103.3234 
102.1631 103.2109 102.9976 104.9623 105.1849 104.4147 
98.8544 101.3143 102.0582 103.5273 102.9647 103.1703 
101.8149 103.1698 103.4241 102.8888 102.6591 103.9997 
103.2182 102.0546 103.5221 103.5165 104.6322 105.4574 
98.9065 103.1349 103.6665 103.8403 103.8973 103.1278 
101.9162 102.3539 101.8499 104.3777 104.2553 103.8947 
96.905 102.7087 103.5808 103.9799 103.6963 103.8068 
103.1312 102.9755 102.6393 103.3345 102.781 103.9758 
100.213 102.001 102.5075 102.5708 104.0965 104.7651 
103.415 103.3381 104.5832 104.3118 103.9327 103.2309 
104.2028 103.2168 102.9577 104.5504 104.9474 104.5357 
103.4169 100.7968 103.0374 103.6742 103.9184 103.6528 
99.4388 102.3856 102.3912 103.6431 103.3323 104.1197 
101.1376 102.9231 104.1684 103.8371 104.1832 105.1691 
100.885 103.3474 104.1997 103.6097 103.2239 102.7773 
101.3647 101.7759 102.1293 103.7874 104.4809 104.2292 
104.7525 100.3595 102.5095 103.4826 103.7464 103.7641 
98.5962 103.792 102.9372 103.9732 103.3609 104.5974 
101.3751 101.5516 103.3271 103.3085 104.671 103.9266 
101.7316 102.2736 103.7446 103.4706 102.7969 103.2962 
98.9887 103.4414 103.1021 104.4133 105.3068 104.7791 
104.1731 100.9714 103.0832 103.368 103.2601 103.4339 
99.4398 103.2218 102.6774 103.6466 103.363 104.6101 
103.2096 102.1253 102.9967 104.0715 104.715 104.1035 
98.493 101.1465 103.8669 102.6288 102.72 103.5162 
100.9103 101.4829 102.7812 104.1494 104.8498 104.2304 
102.1739 100.5283 102.7452 103.7332 103.6141 103.683 
101.648 102.0431 102.6661 103.375 103.3218 104.1129 
102.4643 102.7977 101.8621 103.0887 103.9095 104.2499 
104.5783 103.192 104.9486 104.7956 104.2659 104.3721 
97.0142 101.7652 102.3033 103.1096 103.824 103.3511 
103.5175 102.2672 103.4661 105.0707 103.9651 104.3274 
101.4067 101.6753 101.8193 102.2027 102.8002 103.725 
99.2205 101.6149 101.9581 102.8642 103.1653 103.0019 
97.3471 102.7527 104.2034 103.5017 104.3815 105.0206 
101.9117 102.9412 102.8225 104.0944 103.6221 102.9974 
102.1702 102.4296 103.3371 105.1291 104.9515 104.5594 
100.5389 103.4019 103.5858 104.059 103.5677 104.362 
102.6168 103.568 103.8062 103.9818 103.8639 104.3243 
102.6963 102.6855 103.504 103.461 104.5176 105.2675 
98.6742 104.6317 103.4194 104.5599 104.1931 103.9098 
100.1921 102.3477 102.6683 104.5718 104.7822 104.0312 
97.9913 101.8743 103.055 104.5676 103.5087 104.1871 
98.8868 101.7637 103.1332 102.7691 102.4665 103.361 
100.1753 102.8126 104.1418 104.1397 104.8129 105.9138 
99.14 103.6192 103.65 103.9097 104.1794 102.9467 
100.6936 103.2121 103.0127 105.0883 104.9174 104.5525 
103.8942 101.8962 103.0337 103.8201 103.4684 103.604 
98.7775 103.2012 103.8127 103.6467 103.0364 104.3624 
102.3771 104.0979 104.9131 104.397 105.423 106.0483 
105.7248 106.3579 105.5571 105.637 105.5371 104.1674 
95.9302 102.2118 101.765 103.6597 104.0167 104.0075 
104.3668 102.474 103.8184 104.5316 104.4215 104.0342 
101.8149 103.693 103.7799 104.28 103.2746 104.4975 
101.7078 102.7238 103.5279 103.7392 104.5882 105.2815 
104.9488 103.4657 104.0711 103.86 103.7307 102.7179 
97.4771 102.9557 102.3688 104.3461 104.4829 104.3569 
104.3367 102.8209 104.348 104.2027 104.4509 104.1604 
99.5909 101.8061 101.572 103.28 102.8152 104.1925 
100.3688 102.9027 104.0291 104.163 104.9765 104.8654 
100.5587 103.0784 103.8811 103.4997 102.9604 103.2734 
98.6497 102.1585 103.3835 104.6215 105.3334 104.7667 
103.8589 101.6192 103.6878 104.6623 104.3476 104.0486 
101.0113 102.9403 102.7354 103.6935 103.4679 104.9117 
101.5115 102.4993 103.4556 104.2933 104.9025 104.2308 
101.5916 103.5946 104.7364 103.0366 102.9988 103.5863 
100.5415 101.2229 101.0877 103.4516 104.5347 103.9363 
101.611 102.7305 104.3011 104.8838 103.9912 104.3387 
101.9604 102.9297 103.3755 103.8968 103.8377 104.432 
105.6964 104.9069 104.2249 104.9645 105.002 105.1224 
102.92 102.1757 104.558 103.5172 103.6318 103.6588 
100.4163 103.5869 102.7518 104.1207 104.4046 104.4065 
102.3226 102.774 103.6005 104.9293 104.5536 104.3875 
103.8818 102.9012 103.1578 103.5906 103.4891 104.5877 
101.2613 103.8783 103.4644 104.0353 104.5129 104.2321 
104.317 103.959 105.7117 104.7453 104.7262 105.2872 
103.068 102.999 102.9331 104.2355 104.1255 103.5916 
103.6382 103.0052 104.3087 105.7167 105.1192 105.0974 
101.858 104.3592 103.8759 104.2709 104.318 104.6727 
100.0496 102.5849 102.7106 103.166 103.4831 103.6178 
104.386 103.6928 105.5376 104.6865 104.8418 105.7977 
102.3234 101.7798 102.3357 103.9974 104.1688 103.5375 
103.4791 103.8347 104.2547 105.3557 105.5633 104.6086 
103.9608 103.6998 103.7794 104.7455 103.6334 104.574 
100.769 103.6789 103.6842 103.7142 103.698 103.8927 
98.2645 103.0058 103.5825 103.4013 104.3972 105.4813 
99.7647 101.4537 103.318 103.6724 103.5567 102.9366 
102.6683 103.7149 103.8152 105.7279 105.8511 105.1216 
100.3283 102.6875 102.8664 103.9792 103.6513 103.7692 
100.1206 103.1978 104.067 103.8975 103.0947 104.4523 
102.172 102.2984 103.3165 103.1432 104.6161 105.45 
100.0052 102.0996 103.9565 104.16 104.2848 103.1894 
98.4629 102.444 101.1497 103.5725 103.7314 103.7109 
106.1572 103.9877 104.0251 104.9995 104.5503 104.1921 
100.6384 102.354 103.2357 103.4736 102.7233 104.0782 
100.4589 103.2495 103.5532 103.5004 104.3614 105.2769 
102.6586 100.7193 103.4851 103.2485 103.8679 102.7315 
101.6856 102.2557 102.6809 104.398 104.6181 104.2978 
103.3712 102.7537 103.2161 104.0066 103.8735 103.9336 
99.0707 102.6627 103.0435 103.8945 103.7501 104.5034 
100.6175 103.7288 103.8916 103.8793 103.7809 104.7638 
99.0357 99.7565 102.8829 102.6655 102.797 102.5279 
98.909 102.737 101.4985 103.3169 104.0398 104.0471 
101.9085 102.9485 103.0155 104.1364 103.7397 103.6397 
97.9522 100.8401 101.462 102.5283 102.4991 103.9778 
102.287 104.4372 104.7354 104.9642 105.2059 104.9948 
104.5029 104.8668 106.3833 105.2674 104.5095 104.5324 
101.881 103.9445 103.8234 105.1733 105.4662 105.143 
104.1126 103.7581 104.1451 104.9749 104.196 104.4241 
102.6183 101.9804 102.5728 103.4718 103.1571 103.9431 
101.6155 103.1339 102.4987 103.5206 103.8385 103.9225 
100.2676 101.0052 104.2456 103.0406 103.3806 103.7741 
98.1956 102.9343 102.2785 104.1819 104.3008 104.1257 
101.1421 101.6991 102.7044 103.4656 102.7802 103.4548 
101.0166 103.2783 103.9216 104.3104 104.1651 104.7441 
100.6333 102.7811 102.9484 103.7476 103.781 104.3296 
99.4921 101.6327 102.9803 102.5736 103.3345 103.3428 
100.4564 102.1801 103.3205 104.0821 104.0929 103.8802 
103.4515 103.4173 103.5376 105.2798 104.0439 104.6509 
105.0979 103.7622 104.1124 104.0183 103.9012 104.8015 
105.3364 102.4574 103.0355 103.8389 104.6249 103.9144 
96.3045 102.0571 103.9853 103.5249 103.368 104.8735 
98.8582 100.5115 102.6983 103.7596 103.5064 103.2483 
99.8899 102.4021 102.4211 103.8343 103.8108 103.2504 
101.9853 102.0119 102.1319 102.885 102.1211 103.6494 
102.7766 103.4605 103.5045 103.8643 103.6062 103.8867 
100.3686 102.0114 103.8119 103.4534 104.4513 105.5292 
103.4919 103.5631 104.4212 104.8347 104.4047 103.9341 
100.4985 102.1054 102.9286 104.7631 104.6819 104.1457 
100.0908 103.9539 104.0954 105.1144 104.1485 104.422 
102.5343 102.1906 103.5247 103.0395 102.8582 104.0085 
101.8992 101.9197 102.5162 102.7367 103.5118 104.7945 
99.644 100.5024 102.8934 103.3428 103.6421 103.0221 
98.6751 102.393 102.0385 104.7109 104.3083 104.2026 
105.1334 102.5691 102.9734 103.5467 103.3618 103.8527 
102.8314 102.4618 103.1763 103.5958 103.0551 104.1851 
97.5188 102.5194 102.9759 102.6681 103.7867 104.9393 
101.54 100.7317 103.2152 103.2329 103.035 102.4419 
102.1978 102.6334 102.0003 103.9136 104.0059 104.1007 
104.0393 102.1072 102.8333 103.8163 103.6687 103.6274 
101.4027 102.7039 103.4686 104.2797 103.9678 104.7189 
98.6699 103.3335 103.3678 103.2984 103.2491 103.3944 
102.5477 102.5939 104.2344 104.0932 103.9867 103.7955 
99.1988 103.0345 103.2215 104.7129 104.6881 104.1358 
104.7127 102.6772 103.5637 104.3002 103.959 103.7834 
100.5837 101.0578 102.1814 103.3293 103.0198 103.4526 
102.6502 104.6624 104.1387 104.3903 104.9146 104.4454 
102.0651 102.8897 104.5239 104.2586 103.3502 104.0343 
99.9589 102.9667 102.8483 104.0386 104.5746 103.2551 
101.7253 104.5996 104.4662 105.1963 104.2404 103.9686 
100.9802 102.5395 102.2462 103.0623 103.2171 103.4277 
106.1041 104.1911 103.9485 104.7921 104.9649 105.1328 
99.4234 102.7852 104.4638 103.358 103.1208 103.771 
97.9823 102.7668 102.5865 104.6343 104.7055 103.373 
102.1118 101.9011 102.3252 103.4399 103.2493 103.1056 
99.5536 102.4393 103.603 104.693 103.9942 103.62 
102.7792 101.9586 102.1226 102.2693 103.427 104.395 
104.7236 101.7276 104.3377 102.8285 103.941 103.8362 
101.8396 102.9254 102.7213 103.9656 104.2727 103.3266 
106.3368 105.1319 104.3761 103.899 104.2396 104.4054 
100.7576 102.1965 103.3507 105.1202 103.6536 102.8203 
101.682 101.0734 101.7216 101.7996 103.5177 104.1126 
103.8123 103.939 105.3561 103.5741 104.6058 105.0896 
102.9353 102.0534 103.0206 103.9352 103.7444 102.8728 
103.6416 103.0273 102.7821 102.6537 104.1519 103.5129 
100.8538 102.1623 102.5605 104.4179 102.889 103.1731 
100.2547 103.3903 103.5214 103.4362 103.8189 103.7892 
98.9907 103.1582 104.8248 103.4168 104.5943 105.1097 
99.1704 101.7453 103.1026 103.1528 103.4492 102.7884 
99.871 102.4545 102.0521 102.6715 104.159 102.8627 
102.8714 103.7209 103.7995 105.1584 103.8545 104.6388 
99.6085 101.8544 103.2793 103.2884 102.8223 102.2657 
102.7622 103.9523 104.3761 103.2616 104.5619 105.7553 
97.5642 101.9105 104.0142 103.0646 104.148 103.1982 
100.2892 101.4347 101.0988 102.887 103.6498 102.8251 
104.7786 102.2145 102.6896 103.6493 102.8377 103.1044 
98.6794 101.6178 103.0675 103.6782 102.6429 103.1131 
97.8995 102.5841 103.1548 102.2798 103.9764 104.8337 
102.9727 103.112 104.5976 103.9432 104.9775 103.4239 
100.8991 103.966 103.2554 104.0875 104.8938 104.0971 
103.2767 101.6044 102.6055 103.6453 103.3224 103.3499 
100.01 102.1063 102.9225 104.0597 102.8388 103.6589 
98.9618 102.8633 103.7731 102.6462 104.4166 104.3439 
103.1439 102.6438 104.4041 103.2237 104.1779 103.3728 
96.5106 102.8953 102.963 103.7772 104.1479 103.8581 
106.5324 103.79 103.4263 104.1487 103.9958 103.8199 
98.4089 100.4747 102.2368 103.6283 102.6566 102.8698 
99.0477 100.9613 102.7995 100.7956 103.0683 103.2278 
102.1848 103.5646 104.1231 104.0328 103.7211 104.593 
98.4907 102.2323 101.8272 102.7952 104.0116 102.5743 
101.6135 103.1481 103.2394 103.1395 103.6769 103.3629 
100.9914 101.4959 102.8288 104.4268 102.9612 103.1567 
103.035 102.6655 103.4294 102.304 104.2895 104.4091 
103.8531 102.621 104.1476 103.2929 103.3597 104.0404 
99.5912 104.2047 103.2353 104.4441 105.5181 103.9107 
101.4582 101.9722 102.094 101.9466 102.6909 103.0434 
98.8263 100.699 102.3344 104.1056 103.1571 102.8147 
101.5983 103.5542 103.7434 102.8345 103.6852 104.5699 
100.2598 103.697 105.4868 104.0375 104.6635 104.3347 
98.3827 102.4094 102.5868 103.6671 104.1125 103.1568 
101.9189 102.1862 101.8913 102.1796 103.1363 103.3465 
98.893 101.8781 103.3691 104.9477 103.5012 102.8149 
103.3879 103.7872 103.8371 102.7119 104.1547 104.5625 
100.3791 103.7553 104.7846 103.5272 104.3836 104.9258 
101.7984 103.0272 103.6094 104.5584 104.4914 103.6158 
103.5985 104.5866 102.5294 103.1132 104.3061 104.0637 
98.95 101.9215 102.9764 104.5978 103.323 103.1193 
103.821 102.9252 103.9337 103.0354 103.9934 104.147 
100.5401 102.4508 103.6887 102.6798 103.5869 104.6567 
100.1079 101.9935 103.0822 103.3591 103.9777 102.6718 
106.0922 104.6626 102.9358 103.7664 105.1507 103.9959 
98.8801 101.9749 102.9925 103.7154 102.3997 103.7607 
99.3846 102.2643 102.3221 102.6672 102.7971 102.3005 
102.6564 103.8144 104.7427 103.0458 104.3664 105.3805 
101.3219 103.3795 103.7975 103.491 104.3201 103.4517 
99.7204 101.9154 101.7158 103.4575 104.0949 103.3499 
99.8743 102.6631 103.8404 103.9663 103.4085 103.4722 
100.1082 101.7565 102.1058 103.3537 102.3277 102.8595 
101.1086 102.9183 104.2409 102.6841 104.2853 105.0212 
104.8934 101.0262 103.0174 102.5133 104.1451 103.2586 
102.0337 102.4282 102.1595 103.9127 104.2567 103.5009 
104.1336 101.6639 102.8196 103.6123 103.4011 103.2992 
99.8501 103.6078 103.4322 104.7865 103.1761 104.1082 
102.9526 103.4453 104.1871 102.6519 104.2528 104.7136 
98.8959 100.991 102.731 102.7668 103.7788 102.8944 
100.831 103.1898 102.6105 103.3783 104.2854 103.823 
103.978 104.5598 104.4674 105.0212 104.5946 104.4298 
100.1813 101.4104 103.1111 103.8355 103.1957 103.2681 
99.8759 102.3658 102.8907 101.1055 102.8808 103.1743 
103.2717 100.5119 102.6432 102.483 103.299 103.969 
99.5655 101.3382 101.2335 102.6894 103.9358 102.6942 
99.1153 101.5611 102.1557 102.3401 103.0253 102.7903 
102.1956 101.3388 102.7977 104.0911 102.6817 103.0313 
100.3529 101.8107 102.7945 101.872 103.843 103.8591 
104.0855 103.4671 103.8568 103.1036 103.4624 104.2698 
101.6897 103.3149 102.9918 104.3251 105.0698 103.7077 
102.4163 102.1869 102.4619 102.3161 103.3886 103.5401 
101.9358 102.8062 103.1356 105.5486 103.5087 103.4724 
100.6713 104.1721 104.5922 103.2573 104.59 104.9989 
101.7417 102.4602 104.4557 103.1948 104.0525 103.9786 
99.8092 103.1417 103.2419 104.3399 104.567 103.4972 
100.2555 103.1831 102.7781 102.8817 104.11 104.1066 
98.2356 101.4805 103.5129 105.2497 103.5024 102.8729 
100.6206 103.2794 103.382 102.3065 103.5095 104.5061 
99.7742 102.7315 103.976 102.8396 104.2208 103.909 
104.6322 104.9081 104.9884 105.5925 105.0026 104.2611 
100.8414 102.5973 102.3909 102.9629 103.9024 103.9052 
102.8864 102.0435 103.7802 105.2679 103.4483 103.2305 
105.2901 103.3123 103.0402 101.9463 104.1926 104.1504 
101.9853 103.1809 104.7875 103.3132 103.8206 104.7891 
103.5204 102.219 102.683 103.9106 103.9607 103.1785 
98.5022 101.5588 101.334 102.4027 104.2263 102.9905 
103.6683 103.1015 103.5016 104.5531 103.0487 104.1886 
101.0196 101.9445 102.3829 102.4006 102.9183 102.8212 
98.6087 102.0467 103.7039 102.7461 104.0217 104.6749 
99.8106 102.44 103.4615 103.2943 104.0006 103.3971 
99.4853 102.6255 101.9863 103.3277 104.415 103.3162 
102.2117 103.7155 104.4155 104.8107 103.7477 104.0188 
102.2151 100.9858 101.8622 102.687 101.9974 102.3252 
100.8928 100.9388 103.1924 101.7365 103.5585 104.407 
103.6667 102.7649 103.8791 103.2816 104.4518 103.8136 
103.9677 104.1386 103.2811 104.9135 105.1326 104.2395 
101.3747 102.8038 103.7346 103.9749 103.6187 103.6397 
98.1862 103.2979 102.8578 104.4152 102.9517 103.6658 
101.9304 103.9437 104.1941 102.6598 104.7904 104.8026 
101.9422 101.8997 103.602 103.2649 103.8193 103.111 
101.6339 104.4641 103.7142 104.1692 105.2437 104.5361 
100.3272 102.3817 102.5746 103.5502 103.3772 102.9436 
101.1028 102.407 103.8556 104.4006 103.7545 104.0547 
105.7156 103.357 104.4971 102.8536 103.7513 104.2037 
103.8062 104.2895 104.7082 104.2351 104.8174 104.4167 
101.8268 102.1213 101.9619 103.0237 104.0862 103.5713 
103.0444 102.0053 102.3025 102.6097 102.8296 102.7076 
100.3522 102.5502 103.5898 105.1531 103.4312 103.795 
103.1144 103.7306 104.4481 102.7857 105.0436 104.5654 
102.376 101.4042 103.1829 102.425 102.7492 103.5915 
97.9404 102.4821 102.4253 103.6398 104.3964 103.0655 
104.035 102.7791 102.9221 102.4899 103.367 103.3475 
102.9549 103.2545 104.1235 105.7104 103.6106 103.7758 
99.736 102.1638 102.9298 101.1515 103.6079 103.6591 
101.4367 100.7933 103.5071 102.7026 102.9851 103.5264 
102.5872 105.5616 104.1634 105.2815 105.9595 104.491 
104.4307 102.8254 102.6829 102.6105 103.8037 103.6322 
104.9937 103.5185 104.528 106.0361 104.1991 103.8791 
100.6685 103.3798 103.6551 102.7817 104.0305 104.9286 
100.8568 101.634 103.8538 102.5845 103.6521 103.5135 
98.8719 103.6948 104.1691 105.2014 105.2441 104.1752 
100.7203 102.783 102.1186 102.6671 103.1042 103.3587 
100.7014 100.0157 102.5015 104.0821 102.971 102.3399 
103.2462 103.4734 104.1071 102.9493 104.4704 104.9204 
98.3838 103.3025 104.6753 103.1157 104.0157 104.46 
104.9615 103.9699 104.0945 104.9592 104.6529 103.7444 
102.1011 103.8262 101.9485 102.8509 104.4323 103.675 
102.5902 103.7895 104.3074 105.3718 103.6217 103.8977 
102.4084 102.928 103.3918 102.6202 103.4392 103.4992 
101.8522 101.8436 103.5216 102.3856 103.9613 104.7666 
100.3351 101.1838 102.5933 103.0967 103.4894 102.9041 
102.4485 101.4986 101.7015 103.0501 104.3475 103.0282 
